Date,High,Low,Open,Close,Volume,Adj Close
2015-01-02,73.75,71.69000244140625,72.81999969482422,72.2699966430664,1040500,72.2699966430664
2015-01-05,72.45999908447266,70.05999755859375,71.9800033569336,70.44000244140625,1846700,70.44000244140625
2015-01-06,70.70999908447266,67.61000061035156,70.36000061035156,68.66999816894531,3230600,68.66999816894531
2015-01-07,69.9800033569336,68.05999755859375,69.0199966430664,68.45999908447266,1863600,68.45999908447266
2015-01-08,71.26000213623047,69.13999938964844,69.13999938964844,70.22000122070312,1769500,70.22000122070312
2015-01-09,72.04000091552734,70.11000061035156,70.44000244140625,71.79000091552734,2503500,71.79000091552734
2015-01-12,71.87999725341797,70.91999816894531,71.76000213623047,71.27999877929688,1726000,71.27999877929688
2015-01-13,72.97000122070312,70.62999725341797,71.80999755859375,71.7699966430664,2944900,71.7699966430664
2015-01-14,71.27999877929688,69.58999633789062,71.19000244140625,70.44000244140625,1577100,70.44000244140625
2015-01-15,71.22000122070312,69.6500015258789,70.66000366210938,70.19000244140625,1289300,70.19000244140625
2015-01-16,71.9800033569336,69.91999816894531,70.23999786376953,71.8499984741211,1700400,71.8499984741211
2015-01-20,72.2300033569336,70.23999786376953,72.05000305175781,70.68000030517578,2335000,70.68000030517578
2015-01-21,72.87000274658203,70.16000366210938,70.31999969482422,71.87999725341797,2073500,71.87999725341797
2015-01-22,74.4000015258789,71.86000061035156,72.0199966430664,74.31999969482422,3331800,74.31999969482422
2015-01-23,74.75,73.23999786376953,74.58000183105469,73.6500015258789,1251600,73.6500015258789
2015-01-26,74.48999786376953,72.62999725341797,73.44000244140625,73.1500015258789,1374400,73.1500015258789
2015-01-27,73.66000366210938,71.77999877929688,72.37999725341797,73.11000061035156,827200,73.11000061035156
2015-01-28,73.73999786376953,71.48999786376953,73.44000244140625,71.52999877929688,1736800,71.52999877929688
2015-01-29,73.79000091552734,70.77999877929688,71.51000213623047,73.4800033569336,2299200,73.4800033569336
2015-01-30,73.45999908447266,67.5,73.11000061035156,70.3499984741211,8326800,70.3499984741211
2015-02-02,72.62999725341797,69.19000244140625,71.66000366210938,72.58999633789062,3179700,72.58999633789062
2015-02-03,75.87000274658203,72.87999725341797,72.95999908447266,75.48999786376953,3277500,75.48999786376953
2015-02-04,78.41000366210938,75.13999938964844,75.29000091552734,76.54000091552734,2707900,76.54000091552734
2015-02-05,77.22000122070312,75.76000213623047,76.70999908447266,76.75,1949200,76.75
2015-02-06,77.13999938964844,75.13999938964844,76.83999633789062,75.62999725341797,1244400,75.62999725341797
2015-02-09,76.1500015258789,74.18000030517578,74.69999694824219,75.98999786376953,1297700,75.98999786376953
2015-02-10,77.18000030517578,75.01000213623047,76.58000183105469,76.94000244140625,1349000,76.94000244140625
2015-02-11,76.72000122070312,75.94999694824219,76.70999908447266,76.16000366210938,1173400,76.16000366210938
2015-02-12,77.4800033569336,75.94000244140625,76.66000366210938,77.36000061035156,1509000,77.36000061035156
2015-02-13,77.94999694824219,76.95999908447266,77.6500015258789,77.19999694824219,978600,77.19999694824219
2015-02-17,77.16999816894531,76.37999725341797,76.91000366210938,76.7300033569336,1441300,76.7300033569336
2015-02-18,76.98999786376953,76.08000183105469,76.77999877929688,76.29000091552734,1062800,76.29000091552734
2015-02-19,77.7300033569336,76.16000366210938,76.61000061035156,77.55999755859375,1108800,77.55999755859375
2015-02-20,78.54000091552734,76.27999877929688,77.0999984741211,78.30999755859375,3350300,78.30999755859375
2015-02-23,80.75,77.05999755859375,79.0,77.38999938964844,4095400,77.38999938964844
2015-02-24,78.77999877929688,76.54000091552734,76.87000274658203,77.7699966430664,1442500,77.7699966430664
2015-02-25,77.97000122070312,76.62000274658203,77.5199966430664,77.29000091552734,1129900,77.29000091552734
2015-02-26,77.73999786376953,76.2300033569336,76.76000213623047,76.76000213623047,1148500,76.76000213623047
2015-02-27,77.66000366210938,74.91999816894531,76.91999816894531,75.04000091552734,1832900,75.04000091552734
2015-03-02,76.44000244140625,74.91999816894531,75.22000122070312,75.66000366210938,1654500,75.66000366210938
2015-03-03,75.87999725341797,74.83999633789062,75.41999816894531,75.8499984741211,1442300,75.8499984741211
2015-03-04,75.5999984741211,74.62000274658203,75.37999725341797,75.5999984741211,888400,75.5999984741211
2015-03-05,76.12000274658203,75.19000244140625,76.0,75.80999755859375,977900,75.80999755859375
2015-03-06,76.5199966430664,75.29000091552734,75.66000366210938,76.05999755859375,1172200,76.05999755859375
2015-03-09,76.48999786376953,75.31999969482422,75.7699966430664,76.08000183105469,983900,76.08000183105469
2015-03-10,75.80000305175781,73.33999633789062,75.79000091552734,73.36000061035156,1366400,73.36000061035156
2015-03-11,73.87999725341797,73.01000213623047,73.26000213623047,73.2300033569336,987500,73.2300033569336
2015-03-12,74.77999877929688,73.43000030517578,73.56999969482422,74.7300033569336,868900,74.7300033569336
2015-03-13,74.72000122070312,73.58000183105469,74.33999633789062,73.81999969482422,956400,73.81999969482422
2015-03-16,74.31999969482422,73.08000183105469,74.30999755859375,73.54000091552734,956400,73.54000091552734
2015-03-17,73.58999633789062,72.12000274658203,72.37999725341797,73.36000061035156,897500,73.36000061035156
2015-03-18,75.2300033569336,72.3499984741211,73.26000213623047,74.80000305175781,908400,74.80000305175781
2015-03-19,75.0,74.08999633789062,74.66000366210938,74.37999725341797,620300,74.37999725341797
2015-03-20,74.98999786376953,73.0,74.98999786376953,73.41000366210938,2129700,73.41000366210938
2015-03-23,73.98999786376953,72.94999694824219,73.62000274658203,73.12999725341797,718200,73.12999725341797
2015-03-24,73.37999725341797,71.93000030517578,73.13999938964844,72.19999694824219,997300,72.19999694824219
2015-03-25,72.58999633789062,70.75,72.54000091552734,70.76000213623047,1163300,70.76000213623047
2015-03-26,70.93000030517578,69.94000244140625,70.47000122070312,70.33000183105469,718000,70.33000183105469
2015-03-27,71.12000274658203,70.0,70.0199966430664,70.62999725341797,1197200,70.62999725341797
2015-03-30,71.66000366210938,70.69999694824219,71.04000091552734,70.77999877929688,987900,70.77999877929688
2015-03-31,71.29000091552734,69.52999877929688,69.66999816894531,70.05999755859375,1622500,70.05999755859375
2015-04-01,70.51000213623047,69.56999969482422,70.11000061035156,69.7300033569336,1147900,69.7300033569336
2015-04-02,71.27999877929688,69.37999725341797,69.80000305175781,70.95999908447266,840900,70.95999908447266
2015-04-06,71.7699966430664,70.12000274658203,70.25,71.1500015258789,883700,71.1500015258789
2015-04-07,71.66999816894531,70.56999969482422,71.26000213623047,70.5999984741211,527700,70.5999984741211
2015-04-08,71.2699966430664,70.06999969482422,70.5199966430664,71.18000030517578,1021600,71.18000030517578
2015-04-09,71.73999786376953,70.91000366210938,71.05999755859375,71.61000061035156,885400,71.61000061035156
2015-04-10,72.19999694824219,71.7699966430664,71.87999725341797,71.83000183105469,500200,71.83000183105469
2015-04-13,72.05000305175781,70.31999969482422,71.97000122070312,70.44999694824219,1558600,70.44999694824219
2015-04-14,70.69000244140625,69.58999633789062,69.62999725341797,69.80000305175781,1826200,69.80000305175781
2015-04-15,70.37000274658203,69.08000183105469,70.13999938964844,69.8499984741211,1581700,69.8499984741211
2015-04-16,70.30999755859375,69.52999877929688,69.86000061035156,69.81999969482422,988500,69.81999969482422
2015-04-17,69.55000305175781,68.5999984741211,69.13999938964844,69.26000213623047,1456900,69.26000213623047
2015-04-20,69.87999725341797,69.01000213623047,69.5,69.22000122070312,1513600,69.22000122070312
2015-04-21,70.26000213623047,69.30000305175781,69.43000030517578,69.77999877929688,772900,69.77999877929688
2015-04-22,70.48999786376953,69.5999984741211,70.16999816894531,69.8499984741211,472300,69.8499984741211
2015-04-23,70.26000213623047,69.4000015258789,69.75,69.61000061035156,1239600,69.61000061035156
2015-04-24,70.73999786376953,69.33999633789062,69.95999908447266,69.91000366210938,1549100,69.91000366210938
2015-04-27,70.47000122070312,69.20999908447266,70.22000122070312,69.68000030517578,2106300,69.68000030517578
2015-04-28,69.25,67.58000183105469,68.9000015258789,68.43000030517578,2293700,68.43000030517578
2015-04-29,68.80000305175781,68.08000183105469,68.08999633789062,68.54000091552734,1004800,68.54000091552734
2015-04-30,68.66999816894531,67.37999725341797,68.0,67.66000366210938,1550300,67.66000366210938
2015-05-01,68.5999984741211,67.44999694824219,67.62000274658203,68.5199966430664,1290000,68.5199966430664
2015-05-04,68.98999786376953,68.0,68.83999633789062,68.29000091552734,1338900,68.29000091552734
2015-05-05,68.22000122070312,67.06999969482422,68.08999633789062,67.12999725341797,1029700,67.12999725341797
2015-05-06,67.36000061035156,66.2699966430664,67.30999755859375,66.72000122070312,1129800,66.72000122070312
2015-05-07,67.19999694824219,66.41999816894531,66.81999969482422,67.0,840800,67.0
2015-05-08,67.9800033569336,66.76000213623047,67.58999633789062,66.86000061035156,1132400,66.86000061035156
2015-05-11,67.12999725341797,65.7300033569336,67.0,66.37999725341797,2850500,66.37999725341797
2015-05-12,66.27999877929688,65.18000030517578,65.94000244140625,65.91999816894531,2137500,65.91999816894531
2015-05-13,66.44000244140625,65.70999908447266,65.9800033569336,65.91999816894531,2035700,65.91999816894531
2015-05-14,67.37000274658203,66.02999877929688,66.47000122070312,66.44000244140625,1672400,66.44000244140625
2015-05-15,68.04000091552734,66.68000030517578,66.7699966430664,68.0,1406100,68.0
2015-05-18,68.7699966430664,67.61000061035156,67.9800033569336,68.08000183105469,1618700,68.08000183105469
2015-05-19,68.29000091552734,67.6500015258789,68.25,67.87999725341797,854600,67.87999725341797
2015-05-20,69.30999755859375,67.66999816894531,67.86000061035156,68.44000244140625,1509200,68.44000244140625
2015-05-21,69.88999938964844,68.12999725341797,68.25,68.97000122070312,1494300,68.97000122070312
2015-05-22,69.25,68.41999816894531,68.86000061035156,69.1500015258789,875800,69.1500015258789
2015-05-26,69.2699966430664,68.2300033569336,69.05999755859375,69.04000091552734,1181900,69.04000091552734
2015-05-27,70.41999816894531,68.94000244140625,69.41999816894531,69.94999694824219,2171400,69.94999694824219
2015-05-28,70.41999816894531,69.41999816894531,70.18000030517578,70.30000305175781,1157600,70.30000305175781
2015-05-29,70.95999908447266,69.81999969482422,70.36000061035156,70.79000091552734,1604800,70.79000091552734
2015-06-01,73.33999633789062,71.29000091552734,71.93000030517578,72.06999969482422,3932000,72.06999969482422
2015-06-02,72.93000030517578,71.54000091552734,71.70999908447266,71.69999694824219,1418100,71.69999694824219
2015-06-03,71.55999755859375,70.30999755859375,71.23999786376953,70.80999755859375,1408900,70.80999755859375
2015-06-04,76.29000091552734,74.04000091552734,74.94999694824219,74.25,7379100,74.25
2015-06-05,75.94000244140625,72.68000030517578,73.26000213623047,75.51000213623047,3234800,75.51000213623047
2015-06-08,75.66000366210938,73.26000213623047,75.5,73.63999938964844,2067300,73.63999938964844
2015-06-09,73.76000213623047,71.97000122070312,73.37000274658203,73.0199966430664,2255300,73.0199966430664
2015-06-10,73.23999786376953,72.51000213623047,73.2300033569336,72.55000305175781,1674000,72.55000305175781
2015-06-11,73.05999755859375,72.08999633789062,73.05999755859375,72.79000091552734,964300,72.79000091552734
2015-06-12,73.12000274658203,71.69999694824219,73.05999755859375,72.62000274658203,1381900,72.62000274658203
2015-06-15,72.51000213623047,71.70999908447266,72.29000091552734,72.25,1540700,72.25
2015-06-16,72.5999984741211,71.6500015258789,72.26000213623047,72.55999755859375,1150800,72.55999755859375
2015-06-17,72.69000244140625,71.68000030517578,72.61000061035156,71.97000122070312,1275000,71.97000122070312
2015-06-18,72.75,71.68000030517578,72.1500015258789,71.88999938964844,1519700,71.88999938964844
2015-06-19,71.94000244140625,70.44000244140625,71.54000091552734,70.5199966430664,2269100,70.5199966430664
2015-06-22,71.30999755859375,70.30000305175781,70.6500015258789,70.37999725341797,1543800,70.37999725341797
2015-06-23,71.05999755859375,70.31999969482422,70.7300033569336,70.66000366210938,1443000,70.66000366210938
2015-06-24,70.45999908447266,69.23999786376953,70.30000305175781,69.33999633789062,1674800,69.33999633789062
2015-06-25,70.4000015258789,69.36000061035156,69.4800033569336,69.66000366210938,1583400,69.66000366210938
2015-06-26,70.4800033569336,69.27999877929688,69.93000030517578,69.7300033569336,3855000,69.7300033569336
2015-06-29,69.73999786376953,67.83000183105469,69.4000015258789,68.0199966430664,1487700,68.0199966430664
2015-06-30,68.47000122070312,67.27999877929688,67.97000122070312,67.70999908447266,1972600,67.70999908447266
2015-07-01,68.80000305175781,67.80999755859375,68.27999877929688,68.72000122070312,2124100,68.72000122070312
2015-07-02,69.22000122070312,68.2300033569336,68.69000244140625,68.70999908447266,968900,68.70999908447266
2015-07-06,68.9000015258789,67.83000183105469,68.08999633789062,68.12000274658203,901400,68.12000274658203
2015-07-07,68.48999786376953,66.26000213623047,68.12999725341797,68.23999786376953,1520000,68.23999786376953
2015-07-08,68.11000061035156,66.87000274658203,67.87000274658203,67.0999984741211,1066300,67.0999984741211
2015-07-09,68.2300033569336,66.9800033569336,68.2300033569336,67.01000213623047,1048000,67.01000213623047
2015-07-10,69.0,67.4800033569336,67.93000030517578,68.80999755859375,1459100,68.80999755859375
2015-07-13,69.68000030517578,68.94999694824219,69.61000061035156,69.1500015258789,1080500,69.1500015258789
2015-07-14,69.58999633789062,68.94000244140625,69.22000122070312,69.25,865800,69.25
2015-07-15,69.36000061035156,68.73999786376953,69.19000244140625,69.05000305175781,836600,69.05000305175781
2015-07-16,69.91999816894531,65.12000274658203,69.38999938964844,66.72000122070312,4223300,66.72000122070312
2015-07-17,67.30999755859375,65.37999725341797,67.30999755859375,67.05000305175781,3389900,67.05000305175781
2015-07-20,67.12000274658203,66.05000305175781,67.12000274658203,66.38999938964844,868400,66.38999938964844
2015-07-21,66.72000122070312,65.38999938964844,66.29000091552734,65.73999786376953,852600,65.73999786376953
2015-07-22,65.91999816894531,64.2699966430664,65.05000305175781,65.31999969482422,1716600,65.31999969482422
2015-07-23,66.5,65.18000030517578,65.22000122070312,66.2300033569336,1988100,66.2300033569336
2015-07-24,66.91999816894531,64.7300033569336,66.83000183105469,65.01000213623047,1446300,65.01000213623047
2015-07-27,64.91000366210938,63.720001220703125,64.80000305175781,64.22000122070312,1407300,64.22000122070312
2015-07-28,65.80999755859375,63.709999084472656,64.91000366210938,65.69000244140625,1190600,65.69000244140625
2015-07-29,65.66999816894531,64.63999938964844,65.43000030517578,64.9800033569336,1952200,64.9800033569336
2015-07-30,65.4000015258789,64.31999969482422,65.04000091552734,64.9800033569336,1171400,64.9800033569336
2015-07-31,65.52999877929688,64.41000366210938,65.43000030517578,64.61000061035156,1386100,64.61000061035156
2015-08-03,65.69999694824219,64.44000244140625,64.48999786376953,65.62000274658203,1544800,65.62000274658203
2015-08-04,66.22000122070312,65.12999725341797,65.69999694824219,65.4000015258789,1285600,65.4000015258789
2015-08-05,68.5,65.12000274658203,65.12000274658203,68.22000122070312,4190100,68.22000122070312
2015-08-06,69.81999969482422,66.08999633789062,68.66999816894531,67.87999725341797,2475300,67.87999725341797
2015-08-07,68.1500015258789,66.05999755859375,67.62999725341797,66.91999816894531,1315200,66.91999816894531
2015-08-10,68.22000122070312,66.9800033569336,67.44999694824219,67.25,1880700,67.25
2015-08-11,67.20999908447266,65.6500015258789,67.0,66.05999755859375,1023900,66.05999755859375
2015-08-12,66.47000122070312,65.0,65.41999816894531,66.0,1037600,66.0
2015-08-13,66.81999969482422,65.83000183105469,66.12000274658203,65.97000122070312,729100,65.97000122070312
2015-08-14,66.47000122070312,65.56999969482422,66.05000305175781,66.30999755859375,492800,66.30999755859375
2015-08-17,67.20999908447266,65.5,65.5,67.19000244140625,878900,67.19000244140625
2015-08-18,67.25,66.26000213623047,67.16000366210938,66.68000030517578,780900,66.68000030517578
2015-08-19,66.97000122070312,65.7699966430664,66.68000030517578,66.08999633789062,673400,66.08999633789062
2015-08-20,65.3499984741211,63.150001525878906,65.26000213623047,63.27000045776367,2229000,63.27000045776367
2015-08-21,62.7400016784668,60.939998626708984,62.209999084472656,60.95000076293945,2671400,60.95000076293945
2015-08-24,60.16999816894531,54.619998931884766,55.97999954223633,58.22999954223633,3376100,58.22999954223633
2015-08-25,60.31999969482422,57.61000061035156,59.56999969482422,57.83000183105469,1440500,57.83000183105469
2015-08-26,59.400001525878906,57.060001373291016,59.119998931884766,58.56999969482422,2287600,58.56999969482422
2015-08-27,59.84000015258789,58.22999954223633,59.099998474121094,59.11000061035156,2338600,59.11000061035156
2015-08-28,59.65999984741211,58.7400016784668,59.0099983215332,59.619998931884766,1125500,59.619998931884766
2015-08-31,59.790000915527344,58.810001373291016,59.41999816894531,59.27000045776367,1190400,59.27000045776367
2015-09-01,59.79999923706055,57.93000030517578,57.93000030517578,59.2400016784668,1917300,59.2400016784668
2015-09-02,59.939998626708984,58.560001373291016,59.63999938964844,59.20000076293945,1808600,59.20000076293945
2015-09-03,59.959999084472656,59.11000061035156,59.45000076293945,59.779998779296875,1429200,59.779998779296875
2015-09-04,59.5099983215332,58.22999954223633,58.5,58.93000030517578,1229800,58.93000030517578
2015-09-08,60.599998474121094,59.369998931884766,60.09000015258789,60.54999923706055,986400,60.54999923706055
2015-09-09,61.220001220703125,58.720001220703125,61.0099983215332,58.83000183105469,1163500,58.83000183105469
2015-09-10,59.02000045776367,57.970001220703125,58.79999923706055,58.150001525878906,1175400,58.150001525878906
2015-09-11,58.29999923706055,57.16999816894531,57.939998626708984,58.11000061035156,1391100,58.11000061035156
2015-09-14,58.41999816894531,57.52000045776367,57.9900016784668,57.83000183105469,1314600,57.83000183105469
2015-09-15,58.84000015258789,57.619998931884766,57.86000061035156,58.7599983215332,1102700,58.7599983215332
2015-09-16,59.029998779296875,57.63999938964844,58.95000076293945,58.7599983215332,1223000,58.7599983215332
2015-09-17,62.720001220703125,57.9900016784668,58.61000061035156,61.47999954223633,3962300,61.47999954223633
2015-09-18,62.06999969482422,60.52000045776367,60.77000045776367,60.939998626708984,2620800,60.939998626708984
2015-09-21,62.709999084472656,60.90999984741211,61.349998474121094,62.41999816894531,1698400,62.41999816894531
2015-09-22,62.40999984741211,60.93000030517578,61.7599983215332,61.93000030517578,1747800,61.93000030517578
2015-09-23,62.06999969482422,60.72999954223633,61.880001068115234,60.7599983215332,1578600,60.7599983215332
2015-09-24,60.349998474121094,59.09000015258789,60.29999923706055,59.939998626708984,1509800,59.939998626708984
2015-09-25,60.459999084472656,58.91999816894531,60.380001068115234,59.16999816894531,1240000,59.16999816894531
2015-09-28,58.83000183105469,56.27000045776367,58.83000183105469,56.5,2576700,56.5
2015-09-29,57.810001373291016,55.5,56.439998626708984,56.36000061035156,2797500,56.36000061035156
2015-09-30,59.040000915527344,56.88999938964844,56.88999938964844,58.34000015258789,2432500,58.34000015258789
2015-10-01,59.220001220703125,58.099998474121094,58.5099983215332,58.79999923706055,1570100,58.79999923706055
2015-10-02,59.27000045776367,57.90999984741211,58.4900016784668,58.959999084472656,2187200,58.959999084472656
2015-10-05,59.66999816894531,58.9900016784668,59.150001525878906,59.380001068115234,1300500,59.380001068115234
2015-10-06,60.29999923706055,59.06999969482422,59.43000030517578,59.54999923706055,1098000,59.54999923706055
2015-10-07,61.209999084472656,59.439998626708984,60.08000183105469,61.040000915527344,1761800,61.040000915527344
2015-10-08,63.2400016784668,61.2599983215332,62.310001373291016,62.970001220703125,1531400,62.970001220703125
2015-10-09,63.2400016784668,61.849998474121094,62.95000076293945,62.560001373291016,941100,62.560001373291016
2015-10-12,62.97999954223633,62.08000183105469,62.810001373291016,62.400001525878906,589800,62.400001525878906
2015-10-13,62.61000061035156,61.31999969482422,61.7400016784668,61.9900016784668,922800,61.9900016784668
2015-10-14,62.13999938964844,60.7599983215332,62.08000183105469,60.970001220703125,906400,60.970001220703125
2015-10-15,61.959999084472656,60.939998626708984,61.15999984741211,61.849998474121094,853200,61.849998474121094
2015-10-16,62.09000015258789,60.689998626708984,61.779998779296875,62.0099983215332,721900,62.0099983215332
2015-10-19,61.95000076293945,60.47999954223633,61.88999938964844,61.29999923706055,1265600,61.29999923706055
2015-10-20,62.40999984741211,60.939998626708984,61.16999816894531,62.18000030517578,1263500,62.18000030517578
2015-10-21,62.439998626708984,60.959999084472656,62.310001373291016,61.0099983215332,855300,61.0099983215332
2015-10-22,61.84000015258789,61.189998626708984,61.349998474121094,61.369998931884766,991500,61.369998931884766
2015-10-23,62.5,61.58000183105469,62.04999923706055,62.43000030517578,1088700,62.43000030517578
2015-10-26,63.2400016784668,62.119998931884766,63.0099983215332,62.290000915527344,905800,62.290000915527344
2015-10-27,62.45000076293945,61.439998626708984,61.97999954223633,61.86000061035156,1026400,61.86000061035156
2015-10-28,63.81999969482422,61.61000061035156,61.88999938964844,63.63999938964844,1134000,63.63999938964844
2015-10-29,63.83000183105469,63.029998779296875,63.22999954223633,63.439998626708984,609400,63.439998626708984
2015-10-30,63.90999984741211,62.790000915527344,63.61000061035156,62.970001220703125,1246000,62.970001220703125
2015-11-02,64.19000244140625,62.59000015258789,63.04999923706055,63.84000015258789,922000,63.84000015258789
2015-11-03,65.44000244140625,63.56999969482422,63.599998474121094,65.06999969482422,1249600,65.06999969482422
2015-11-04,65.48999786376953,63.31999969482422,65.3499984741211,63.540000915527344,1778900,63.540000915527344
2015-11-05,64.18000030517578,62.65999984741211,63.52000045776367,63.349998474121094,1420200,63.349998474121094
2015-11-06,64.0,62.099998474121094,63.0,63.7400016784668,2007200,63.7400016784668
2015-11-09,64.41999816894531,60.040000915527344,60.75,63.09000015258789,2354900,63.09000015258789
2015-11-10,63.939998626708984,62.099998474121094,62.540000915527344,62.38999938964844,1506700,62.38999938964844
2015-11-11,62.88999938964844,61.900001525878906,62.84000015258789,62.439998626708984,927900,62.439998626708984
2015-11-12,63.2400016784668,61.72999954223633,62.369998931884766,62.9900016784668,968100,62.9900016784668
2015-11-13,63.11000061035156,62.150001525878906,62.599998474121094,62.619998931884766,1009500,62.619998931884766
2015-11-16,63.130001068115234,61.65999984741211,62.630001068115234,62.45000076293945,933400,62.45000076293945
2015-11-17,62.84000015258789,61.90999984741211,62.47999954223633,62.16999816894531,773300,62.16999816894531
2015-11-18,64.4800033569336,62.33000183105469,62.41999816894531,64.36000061035156,1547600,64.36000061035156
2015-11-19,64.58000183105469,63.400001525878906,64.47000122070312,63.7400016784668,854500,63.7400016784668
2015-11-20,64.44000244140625,63.47999954223633,64.44000244140625,63.81999969482422,869800,63.81999969482422
2015-11-23,64.20999908447266,62.72999954223633,63.77000045776367,63.20000076293945,666900,63.20000076293945
2015-11-24,63.689998626708984,62.40999984741211,62.650001525878906,62.959999084472656,975200,62.959999084472656
2015-11-25,63.18000030517578,62.65999984741211,62.88999938964844,62.900001525878906,501900,62.900001525878906
2015-11-27,63.5099983215332,62.15999984741211,63.130001068115234,63.06999969482422,347000,63.06999969482422
2015-11-30,63.060001373291016,62.20000076293945,63.040000915527344,62.709999084472656,1128400,62.709999084472656
2015-12-01,63.79999923706055,62.59000015258789,62.790000915527344,63.65999984741211,1169000,63.65999984741211
2015-12-02,63.7400016784668,61.93000030517578,63.7400016784668,62.25,1048800,62.25
2015-12-03,62.40999984741211,60.029998779296875,62.33000183105469,60.68000030517578,2014300,60.68000030517578
2015-12-04,61.68000030517578,60.54999923706055,60.63999938964844,61.52000045776367,1148700,61.52000045776367
2015-12-07,61.5,60.540000915527344,61.27000045776367,61.38999938964844,1050000,61.38999938964844
2015-12-08,61.060001373291016,60.060001373291016,60.619998931884766,60.439998626708984,1021600,60.439998626708984
2015-12-09,60.880001068115234,59.02000045776367,60.18000030517578,59.849998474121094,1653800,59.849998474121094
2015-12-10,60.720001220703125,59.68000030517578,59.75,60.130001068115234,1091200,60.130001068115234
2015-12-11,60.36000061035156,58.779998779296875,59.459999084472656,59.0,2485900,59.0
2015-12-14,59.43000030517578,57.0099983215332,59.220001220703125,57.59000015258789,3075400,57.59000015258789
2015-12-15,59.15999984741211,57.9900016784668,58.04999923706055,58.09000015258789,1449300,58.09000015258789
2015-12-16,59.27000045776367,57.79999923706055,58.43000030517578,59.16999816894531,2084300,59.16999816894531
2015-12-17,59.77000045776367,57.9900016784668,59.529998779296875,58.13999938964844,1438600,58.13999938964844
2015-12-18,58.13999938964844,56.88999938964844,57.7400016784668,57.15999984741211,3770400,57.15999984741211
2015-12-21,57.790000915527344,56.779998779296875,57.33000183105469,57.58000183105469,2033500,57.58000183105469
2015-12-22,58.15999984741211,57.349998474121094,57.540000915527344,57.70000076293945,1561600,57.70000076293945
2015-12-23,59.04999923706055,57.560001373291016,58.02000045776367,58.099998474121094,1384500,58.099998474121094
2015-12-24,58.720001220703125,58.029998779296875,58.34000015258789,58.310001373291016,635400,58.310001373291016
2015-12-28,58.5099983215332,57.279998779296875,58.22999954223633,57.900001525878906,1002600,57.900001525878906
2015-12-29,58.47999954223633,57.029998779296875,58.33000183105469,58.04999923706055,936700,58.04999923706055
2015-12-30,58.04999923706055,57.290000915527344,58.029998779296875,57.47999954223633,766900,57.47999954223633
2015-12-31,57.79999923706055,57.04999923706055,57.11000061035156,57.18000030517578,963800,57.18000030517578
2016-01-04,57.31999969482422,55.81999969482422,56.11000061035156,57.290000915527344,1366700,57.290000915527344
2016-01-05,57.529998779296875,56.310001373291016,57.45000076293945,57.349998474121094,1635900,57.349998474121094
2016-01-06,57.150001525878906,56.0099983215332,56.099998474121094,56.060001373291016,2395900,56.060001373291016
2016-01-07,55.599998474121094,54.54999923706055,55.2599983215332,54.86000061035156,1708400,54.86000061035156
2016-01-08,55.900001525878906,53.65999984741211,55.22999954223633,53.810001373291016,1724700,53.810001373291016
2016-01-11,54.220001220703125,52.81999969482422,53.86000061035156,53.2400016784668,1685800,53.2400016784668
2016-01-12,54.209999084472656,53.25,53.869998931884766,53.939998626708984,1728100,53.939998626708984
2016-01-13,54.22999954223633,51.47999954223633,54.02000045776367,52.06999969482422,3025700,52.06999969482422
2016-01-14,52.47999954223633,51.349998474121094,52.279998779296875,51.72999954223633,2092700,51.72999954223633
2016-01-15,51.9900016784668,49.43000030517578,50.279998779296875,49.939998626708984,2506100,49.939998626708984
2016-01-19,50.779998779296875,48.41999816894531,50.75,48.900001525878906,2078800,48.900001525878906
2016-01-20,48.83000183105469,46.63999938964844,48.25,48.36000061035156,2787300,48.36000061035156
2016-01-21,48.630001068115234,47.33000183105469,48.189998626708984,47.66999816894531,3240900,47.66999816894531
2016-01-22,49.15999984741211,48.310001373291016,48.45000076293945,49.099998474121094,2198500,49.099998474121094
2016-01-25,48.939998626708984,46.970001220703125,48.790000915527344,47.060001373291016,1551000,47.060001373291016
2016-01-26,48.52000045776367,47.02000045776367,47.18000030517578,48.36000061035156,2099000,48.36000061035156
2016-01-27,48.439998626708984,46.970001220703125,48.029998779296875,47.09000015258789,1542200,47.09000015258789
2016-01-28,47.709999084472656,46.529998779296875,47.5099983215332,47.0,1089600,47.0
2016-01-29,48.29999923706055,47.13999938964844,47.40999984741211,48.27000045776367,1884200,48.27000045776367
2016-02-01,48.22999954223633,46.90999984741211,47.7400016784668,47.880001068115234,1771600,47.880001068115234
2016-02-02,47.689998626708984,46.650001525878906,47.38999938964844,46.7599983215332,1795100,46.7599983215332
2016-02-03,47.75,45.7599983215332,47.36000061035156,47.68000030517578,1883700,47.68000030517578
2016-02-04,48.5099983215332,47.43000030517578,47.77000045776367,47.790000915527344,1145500,47.790000915527344
2016-02-05,47.869998931884766,45.2599983215332,47.689998626708984,45.560001373291016,1755900,45.560001373291016
2016-02-08,45.529998779296875,41.380001068115234,45.43000030517578,42.27000045776367,4351200,42.27000045776367
2016-02-09,41.83000183105469,40.02000045776367,41.4900016784668,40.68000030517578,3892700,40.68000030517578
2016-02-10,41.7400016784668,39.5099983215332,41.150001525878906,39.709999084472656,3184200,39.709999084472656
2016-02-11,42.02000045776367,38.849998474121094,39.279998779296875,41.54999923706055,4137500,41.54999923706055
2016-02-12,43.52000045776367,41.31999969482422,42.130001068115234,43.310001373291016,3659500,43.310001373291016
2016-02-16,44.33000183105469,43.20000076293945,43.95000076293945,44.150001525878906,2094900,44.150001525878906
2016-02-17,46.459999084472656,44.650001525878906,45.209999084472656,46.06999969482422,3428000,46.06999969482422
2016-02-18,46.880001068115234,41.380001068115234,45.5099983215332,43.16999816894531,6892400,43.16999816894531
2016-02-19,44.5,42.45000076293945,42.68000030517578,44.209999084472656,2798600,44.209999084472656
2016-02-22,46.470001220703125,44.220001220703125,44.470001220703125,46.459999084472656,2728000,46.459999084472656
2016-02-23,46.68000030517578,44.61000061035156,46.349998474121094,46.060001373291016,2782900,46.060001373291016
2016-02-24,46.5099983215332,45.0,45.59000015258789,46.41999816894531,1734900,46.41999816894531
2016-02-25,46.56999969482422,45.689998626708984,46.56999969482422,46.5099983215332,1554700,46.5099983215332
2016-02-26,47.81999969482422,46.470001220703125,47.279998779296875,46.70000076293945,2302600,46.70000076293945
2016-02-29,47.56999969482422,46.56999969482422,46.93000030517578,47.130001068115234,2149400,47.130001068115234
2016-03-01,48.7599983215332,46.970001220703125,47.41999816894531,48.7400016784668,1916900,48.7400016784668
2016-03-02,49.13999938964844,47.439998626708984,48.5,48.84000015258789,1432100,48.84000015258789
2016-03-03,49.41999816894531,48.209999084472656,48.7400016784668,49.290000915527344,2205800,49.290000915527344
2016-03-04,50.130001068115234,49.08000183105469,49.45000076293945,49.93000030517578,2375100,49.93000030517578
2016-03-07,50.04999923706055,49.41999816894531,49.5,49.849998474121094,1931400,49.849998474121094
2016-03-08,49.790000915527344,48.59000015258789,49.61000061035156,48.900001525878906,2684500,48.900001525878906
2016-03-09,49.43000030517578,48.560001373291016,49.22999954223633,48.95000076293945,1961800,48.95000076293945
2016-03-10,50.349998474121094,48.119998931884766,49.060001373291016,48.709999084472656,1984400,48.709999084472656
2016-03-11,49.91999816894531,48.709999084472656,49.41999816894531,49.540000915527344,1007000,49.540000915527344
2016-03-14,49.72999954223633,48.869998931884766,49.5,49.040000915527344,912100,49.040000915527344
2016-03-15,48.900001525878906,48.08000183105469,48.900001525878906,48.58000183105469,1551500,48.58000183105469
2016-03-16,49.18000030517578,48.189998626708984,48.189998626708984,48.970001220703125,1276800,48.970001220703125
2016-03-17,49.560001373291016,48.779998779296875,49.0099983215332,49.27000045776367,1086700,49.27000045776367
2016-03-18,49.619998931884766,49.0099983215332,49.4900016784668,49.130001068115234,1501400,49.130001068115234
2016-03-21,49.09000015258789,48.220001220703125,48.900001525878906,48.290000915527344,1474400,48.290000915527344
2016-03-22,48.29999923706055,47.540000915527344,47.95000076293945,48.11000061035156,1007400,48.11000061035156
2016-03-23,48.40999984741211,47.58000183105469,48.04999923706055,47.81999969482422,1454600,47.81999969482422
2016-03-24,48.13999938964844,47.119998931884766,48.13999938964844,47.90999984741211,1345600,47.90999984741211
2016-03-28,48.02000045776367,47.4900016784668,47.88999938964844,47.529998779296875,911400,47.529998779296875
2016-03-29,47.70000076293945,47.0099983215332,47.400001525878906,47.43000030517578,3669100,47.43000030517578
2016-03-30,48.13999938964844,46.970001220703125,47.779998779296875,47.369998931884766,1491000,47.369998931884766
2016-03-31,47.310001373291016,45.95000076293945,47.189998626708984,46.2599983215332,1904100,46.2599983215332
2016-04-01,46.41999816894531,45.40999984741211,45.900001525878906,46.290000915527344,1442500,46.290000915527344
2016-04-04,46.43000030517578,45.779998779296875,46.29999923706055,45.90999984741211,1316600,45.90999984741211
2016-04-05,45.439998626708984,44.25,45.34000015258789,44.70000076293945,2006800,44.70000076293945
2016-04-06,45.06999969482422,44.41999816894531,44.689998626708984,44.790000915527344,1030100,44.790000915527344
2016-04-07,44.66999816894531,43.38999938964844,44.459999084472656,43.61000061035156,1817300,43.61000061035156
2016-04-08,44.209999084472656,43.290000915527344,43.79999923706055,43.45000076293945,1038000,43.45000076293945
2016-04-11,44.310001373291016,43.400001525878906,43.75,43.400001525878906,1201600,43.400001525878906
2016-04-12,43.90999984741211,43.290000915527344,43.380001068115234,43.7400016784668,785900,43.7400016784668
2016-04-13,44.79999923706055,44.04999923706055,44.06999969482422,44.68000030517578,1483100,44.68000030517578
2016-04-14,44.88999938964844,44.220001220703125,44.7599983215332,44.41999816894531,1757200,44.41999816894531
2016-04-15,44.83000183105469,44.060001373291016,44.52000045776367,44.630001068115234,1383700,44.630001068115234
2016-04-18,46.619998931884766,44.16999816894531,44.459999084472656,46.5,3377600,46.5
2016-04-19,47.56999969482422,46.56999969482422,46.790000915527344,47.31999969482422,3724800,47.31999969482422
2016-04-20,49.13999938964844,46.9900016784668,48.9900016784668,47.41999816894531,3544000,47.41999816894531
2016-04-21,48.45000076293945,47.06999969482422,47.439998626708984,48.099998474121094,2289100,48.099998474121094
2016-04-22,49.81999969482422,48.099998474121094,48.099998474121094,49.7599983215332,3082700,49.7599983215332
2016-04-25,51.279998779296875,49.58000183105469,49.7599983215332,51.2599983215332,3734300,51.2599983215332
2016-04-26,51.630001068115234,50.52000045776367,51.27000045776367,50.61000061035156,3276300,50.61000061035156
2016-04-27,51.08000183105469,49.91999816894531,50.630001068115234,49.97999954223633,4456400,49.97999954223633
2016-04-28,51.220001220703125,49.5,49.7599983215332,50.79999923706055,6285300,50.79999923706055
2016-04-29,50.75,49.130001068115234,50.560001373291016,49.290000915527344,4506900,49.290000915527344
2016-05-02,49.54999923706055,48.599998474121094,49.47999954223633,48.91999816894531,2900500,48.91999816894531
2016-05-03,48.59000015258789,47.369998931884766,48.5,47.38999938964844,2828600,47.38999938964844
2016-05-04,47.2400016784668,45.560001373291016,47.02000045776367,46.040000915527344,4470400,46.040000915527344
2016-05-05,46.369998931884766,43.86000061035156,46.189998626708984,44.09000015258789,4911300,44.09000015258789
2016-05-06,47.0,44.400001525878906,44.47999954223633,46.70000076293945,6157700,46.70000076293945
2016-05-09,48.290000915527344,46.619998931884766,46.70000076293945,47.66999816894531,4305400,47.66999816894531
2016-05-10,48.34000015258789,47.38999938964844,47.880001068115234,47.540000915527344,4400800,47.540000915527344
2016-05-11,48.06999969482422,46.68000030517578,47.27000045776367,47.459999084472656,4932000,47.459999084472656
2016-05-12,47.88999938964844,45.349998474121094,47.83000183105469,45.43000030517578,4475600,45.43000030517578
2016-05-13,46.59000015258789,45.119998931884766,45.310001373291016,45.86000061035156,4122000,45.86000061035156
2016-05-16,46.470001220703125,45.119998931884766,45.79999923706055,45.279998779296875,4375600,45.279998779296875
2016-05-17,46.290000915527344,44.810001373291016,45.130001068115234,45.63999938964844,2788700,45.63999938964844
2016-05-18,46.11000061035156,44.5099983215332,45.58000183105469,44.900001525878906,2338300,44.900001525878906
2016-05-19,45.099998474121094,44.349998474121094,44.68000030517578,44.38999938964844,2174900,44.38999938964844
2016-05-20,46.56999969482422,44.869998931884766,44.869998931884766,46.4900016784668,3491000,46.4900016784668
2016-05-23,46.939998626708984,46.099998474121094,46.4900016784668,46.150001525878906,1810100,46.150001525878906
2016-05-24,47.470001220703125,46.0099983215332,46.380001068115234,46.709999084472656,2632700,46.709999084472656
2016-05-25,47.95000076293945,46.66999816894531,46.709999084472656,47.810001373291016,1823000,47.810001373291016
2016-05-26,48.45000076293945,47.52000045776367,47.81999969482422,47.91999816894531,2848000,47.91999816894531
2016-05-27,49.36000061035156,48.08000183105469,48.08000183105469,48.95000076293945,2600500,48.95000076293945
2016-05-31,49.970001220703125,48.400001525878906,48.84000015258789,49.900001525878906,2618600,49.900001525878906
2016-06-01,50.810001373291016,49.349998474121094,49.349998474121094,50.72999954223633,2901300,50.72999954223633
2016-06-02,53.810001373291016,50.220001220703125,50.72999954223633,53.68000030517578,6222000,53.68000030517578
2016-06-03,54.40999984741211,52.439998626708984,53.41999816894531,54.29999923706055,5364700,54.29999923706055
2016-06-06,54.959999084472656,53.7599983215332,54.400001525878906,54.81999969482422,3380900,54.81999969482422
2016-06-07,56.599998474121094,54.91999816894531,55.06999969482422,56.060001373291016,4470600,56.060001373291016
2016-06-08,56.38999938964844,55.09000015258789,56.38999938964844,55.79999923706055,2627700,55.79999923706055
2016-06-09,55.79999923706055,55.04999923706055,55.5,55.36000061035156,2545200,55.36000061035156
2016-06-10,54.970001220703125,53.150001525878906,54.540000915527344,53.470001220703125,2951900,53.470001220703125
2016-06-13,53.58000183105469,52.34000015258789,53.29999923706055,52.380001068115234,2814100,52.380001068115234
2016-06-14,52.95000076293945,51.709999084472656,52.400001525878906,52.439998626708984,2339400,52.439998626708984
2016-06-15,53.43000030517578,52.349998474121094,52.349998474121094,52.63999938964844,1538700,52.63999938964844
2016-06-16,53.34000015258789,51.97999954223633,52.36000061035156,53.0099983215332,3171800,53.0099983215332
2016-06-17,54.29999923706055,52.900001525878906,53.18000030517578,53.0,2918600,53.0
2016-06-20,54.4900016784668,53.0,53.4900016784668,53.36000061035156,2445900,53.36000061035156
2016-06-21,53.439998626708984,52.119998931884766,53.310001373291016,53.09000015258789,2916200,53.09000015258789
2016-06-22,53.43000030517578,52.41999816894531,52.88999938964844,52.650001525878906,2090800,52.650001525878906
2016-06-23,53.93000030517578,52.79999923706055,53.33000183105469,53.5,3144300,53.5
2016-06-24,52.18000030517578,50.40999984741211,51.18000030517578,50.59000015258789,3725400,50.59000015258789
2016-06-27,50.869998931884766,49.040000915527344,50.38999938964844,49.599998474121094,3066100,49.599998474121094
2016-06-28,50.34000015258789,48.5099983215332,49.459999084472656,50.33000183105469,2828400,50.33000183105469
2016-06-29,53.29999923706055,50.54999923706055,50.54999923706055,51.93000030517578,4154100,51.93000030517578
2016-06-30,52.41999816894531,51.349998474121094,52.0099983215332,52.400001525878906,2685600,52.400001525878906
2016-07-01,53.29999923706055,52.16999816894531,52.220001220703125,52.56999969482422,1774000,52.56999969482422
2016-07-05,52.5099983215332,50.599998474121094,52.439998626708984,50.810001373291016,2012900,50.810001373291016
2016-07-06,51.40999984741211,49.93000030517578,50.060001373291016,51.33000183105469,2303300,51.33000183105469
2016-07-07,52.040000915527344,50.5,51.31999969482422,51.2599983215332,1192100,51.2599983215332
2016-07-08,52.689998626708984,50.75,51.45000076293945,51.849998474121094,2155600,51.849998474121094
2016-07-11,52.54999923706055,51.77000045776367,52.16999816894531,52.2599983215332,2045700,52.2599983215332
2016-07-12,53.2599983215332,52.16999816894531,52.790000915527344,52.849998474121094,2094500,52.849998474121094
2016-07-13,53.16999816894531,52.380001068115234,53.16999816894531,52.529998779296875,1479100,52.529998779296875
2016-07-14,53.189998626708984,52.279998779296875,52.650001525878906,52.90999984741211,809000,52.90999984741211
2016-07-15,53.63999938964844,52.040000915527344,53.279998779296875,52.18000030517578,1536500,52.18000030517578
2016-07-18,52.4900016784668,51.72999954223633,52.43000030517578,52.31999969482422,1332400,52.31999969482422
2016-07-19,52.400001525878906,51.83000183105469,52.08000183105469,52.09000015258789,1357600,52.09000015258789
2016-07-20,52.369998931884766,51.36000061035156,52.369998931884766,51.970001220703125,1684300,51.970001220703125
2016-07-21,53.83000183105469,49.90999984741211,51.04999923706055,53.709999084472656,3649000,53.709999084472656
2016-07-22,54.290000915527344,52.970001220703125,53.220001220703125,53.47999954223633,2442500,53.47999954223633
2016-07-25,53.70000076293945,52.13999938964844,53.25,52.25,2191500,52.25
2016-07-26,52.970001220703125,52.099998474121094,52.439998626708984,52.20000076293945,1615400,52.20000076293945
2016-07-27,52.380001068115234,51.650001525878906,52.209999084472656,52.040000915527344,1574500,52.040000915527344
2016-07-28,53.66999816894531,51.380001068115234,51.9900016784668,53.470001220703125,2013400,53.470001220703125
2016-07-29,53.58000183105469,52.72999954223633,53.33000183105469,53.41999816894531,2281800,53.41999816894531
2016-08-01,54.189998626708984,53.2400016784668,53.54999923706055,53.47999954223633,1670900,53.47999954223633
2016-08-02,51.65999984741211,49.18000030517578,51.31999969482422,49.189998626708984,18627000,49.189998626708984
2016-08-03,51.439998626708984,50.20000076293945,50.25,51.31999969482422,12354200,51.31999969482422
2016-08-04,51.869998931884766,50.65999984741211,51.459999084472656,51.790000915527344,5483000,51.790000915527344
2016-08-05,52.650001525878906,51.41999816894531,52.029998779296875,51.41999816894531,2584300,51.41999816894531
2016-08-08,52.029998779296875,51.15999984741211,51.56999969482422,51.290000915527344,2004800,51.290000915527344
2016-08-09,52.75,51.7599983215332,52.54999923706055,52.2400016784668,3526500,52.2400016784668
2016-08-10,52.16999816894531,50.790000915527344,52.150001525878906,50.869998931884766,2080800,50.869998931884766
2016-08-11,51.47999954223633,50.88999938964844,50.88999938964844,51.0099983215332,1224400,51.0099983215332
2016-08-12,51.459999084472656,50.709999084472656,50.880001068115234,51.02000045776367,1635200,51.02000045776367
2016-08-15,52.900001525878906,50.959999084472656,51.08000183105469,52.25,3224000,52.25
2016-08-16,52.439998626708984,51.560001373291016,52.29999923706055,52.15999984741211,2022300,52.15999984741211
2016-08-17,52.11000061035156,50.79999923706055,52.099998474121094,51.18000030517578,2005300,51.18000030517578
2016-08-18,52.09000015258789,51.20000076293945,51.25,51.529998779296875,1391900,51.529998779296875
2016-08-19,51.400001525878906,50.349998474121094,51.20000076293945,50.400001525878906,1296500,50.400001525878906
2016-08-22,50.5099983215332,49.36000061035156,50.5099983215332,49.88999938964844,1489700,49.88999938964844
2016-08-23,50.34000015258789,49.7400016784668,50.279998779296875,49.97999954223633,981000,49.97999954223633
2016-08-24,50.61000061035156,49.439998626708984,50.11000061035156,49.59000015258789,1584200,49.59000015258789
2016-08-25,49.72999954223633,49.06999969482422,49.5,49.29999923706055,1201100,49.29999923706055
2016-08-26,49.599998474121094,48.5099983215332,49.5099983215332,48.84000015258789,1500500,48.84000015258789
2016-08-29,49.959999084472656,48.880001068115234,48.90999984741211,49.86000061035156,2251000,49.86000061035156
2016-08-30,50.22999954223633,49.11000061035156,50.02000045776367,49.83000183105469,2399400,49.83000183105469
2016-08-31,50.619998931884766,49.63999938964844,49.869998931884766,50.22999954223633,2813000,50.22999954223633
2016-09-01,50.83000183105469,49.68000030517578,50.279998779296875,50.65999984741211,2105500,50.65999984741211
2016-09-02,52.0,50.709999084472656,50.97999954223633,51.779998779296875,1868500,51.779998779296875
2016-09-06,51.72999954223633,50.36000061035156,51.630001068115234,50.45000076293945,3809100,50.45000076293945
2016-09-07,51.189998626708984,50.06999969482422,50.41999816894531,50.790000915527344,3362900,50.790000915527344
2016-09-08,51.650001525878906,50.459999084472656,50.77000045776367,51.599998474121094,3738000,51.599998474121094
2016-09-09,51.20000076293945,49.65999984741211,51.08000183105469,49.689998626708984,3860000,49.689998626708984
2016-09-12,51.06999969482422,49.0099983215332,49.5099983215332,50.9900016784668,3113600,50.9900016784668
2016-09-13,50.7400016784668,49.41999816894531,50.380001068115234,49.7400016784668,2605300,49.7400016784668
2016-09-14,50.77000045776367,49.4900016784668,49.7599983215332,50.290000915527344,3126900,50.290000915527344
2016-09-15,52.20000076293945,49.970001220703125,50.529998779296875,52.04999923706055,4473200,52.04999923706055
2016-09-16,52.36000061035156,51.380001068115234,51.90999984741211,52.06999969482422,3305100,52.06999969482422
2016-09-19,52.81999969482422,51.7599983215332,52.2400016784668,52.290000915527344,2419100,52.290000915527344
2016-09-20,52.939998626708984,52.220001220703125,52.40999984741211,52.33000183105469,1794500,52.33000183105469
2016-09-21,53.36000061035156,52.36000061035156,52.38999938964844,53.25,2499500,53.25
2016-09-22,54.0,53.11000061035156,53.45000076293945,53.86000061035156,1724100,53.86000061035156
2016-09-23,54.22999954223633,53.5,53.5,53.90999984741211,1912200,53.90999984741211
2016-09-26,54.09000015258789,53.33000183105469,53.90999984741211,53.970001220703125,1502400,53.970001220703125
2016-09-27,54.790000915527344,53.790000915527344,53.959999084472656,54.349998474121094,2275500,54.349998474121094
2016-09-28,55.119998931884766,53.84000015258789,54.5099983215332,54.93000030517578,2115700,54.93000030517578
2016-09-29,55.63999938964844,54.56999969482422,54.720001220703125,55.040000915527344,2943100,55.040000915527344
2016-09-30,55.25,54.54999923706055,55.25,54.779998779296875,2249400,54.779998779296875
2016-10-03,55.7400016784668,54.689998626708984,54.709999084472656,55.650001525878906,1995400,55.650001525878906
2016-10-04,56.2599983215332,55.369998931884766,55.560001373291016,55.900001525878906,2005200,55.900001525878906
2016-10-05,56.970001220703125,55.849998474121094,55.93000030517578,56.09000015258789,2091700,56.09000015258789
2016-10-06,56.130001068115234,55.130001068115234,55.779998779296875,55.59000015258789,2218900,55.59000015258789
2016-10-07,55.84000015258789,54.7599983215332,55.84000015258789,55.45000076293945,1261400,55.45000076293945
2016-10-10,56.08000183105469,55.619998931884766,55.86000061035156,56.0,965900,56.0
2016-10-11,55.900001525878906,55.08000183105469,55.84000015258789,55.33000183105469,2364700,55.33000183105469
2016-10-12,56.689998626708984,55.08000183105469,55.189998626708984,55.599998474121094,3373000,55.599998474121094
2016-10-13,57.06999969482422,54.970001220703125,55.220001220703125,56.97999954223633,3730700,56.97999954223633
2016-10-14,58.099998474121094,56.959999084472656,57.20000076293945,56.970001220703125,2730400,56.970001220703125
2016-10-17,57.84000015258789,56.61000061035156,57.150001525878906,56.689998626708984,1815700,56.689998626708984
2016-10-18,57.540000915527344,55.970001220703125,57.31999969482422,56.619998931884766,2389900,56.619998931884766
2016-10-19,57.869998931884766,56.47999954223633,56.88999938964844,57.439998626708984,2037100,57.439998626708984
2016-10-20,59.56999969482422,57.900001525878906,57.91999816894531,59.18000030517578,4570200,59.18000030517578
2016-10-21,59.150001525878906,57.15999984741211,59.040000915527344,57.400001525878906,3862900,57.400001525878906
2016-10-24,58.58000183105469,57.47999954223633,57.72999954223633,58.560001373291016,1724200,58.560001373291016
2016-10-25,59.52000045776367,58.4900016784668,58.58000183105469,58.7599983215332,2570000,58.7599983215332
2016-10-26,58.61000061035156,57.81999969482422,58.61000061035156,58.22999954223633,1036500,58.22999954223633
2016-10-27,58.619998931884766,57.91999816894531,58.38999938964844,58.18000030517578,1242400,58.18000030517578
2016-10-28,58.720001220703125,57.34000015258789,58.06999969482422,57.380001068115234,2240800,57.380001068115234
2016-10-31,58.72999954223633,57.540000915527344,57.689998626708984,58.560001373291016,1823200,58.560001373291016
2016-11-01,58.689998626708984,57.150001525878906,58.59000015258789,57.189998626708984,2245200,57.189998626708984
2016-11-02,57.27000045776367,55.04999923706055,57.2599983215332,55.099998474121094,3741700,55.099998474121094
2016-11-03,55.849998474121094,54.709999084472656,55.36000061035156,54.91999816894531,2497200,54.91999816894531
2016-11-04,55.619998931884766,54.45000076293945,54.45000076293945,54.93000030517578,1712400,54.93000030517578
2016-11-07,56.75,55.36000061035156,55.90999984741211,56.25,1818200,56.25
2016-11-08,57.04999923706055,55.86000061035156,56.349998474121094,56.68000030517578,2250300,56.68000030517578
2016-11-09,58.599998474121094,54.279998779296875,54.31999969482422,57.93000030517578,3176300,57.93000030517578
2016-11-10,58.970001220703125,55.75,57.91999816894531,56.380001068115234,3711600,56.380001068115234
2016-11-11,56.43000030517578,54.529998779296875,55.88999938964844,55.54999923706055,3018100,55.54999923706055
2016-11-14,55.939998626708984,53.880001068115234,55.560001373291016,53.970001220703125,2412700,53.970001220703125
2016-11-15,54.880001068115234,53.88999938964844,53.959999084472656,54.79999923706055,1855300,54.79999923706055
2016-11-16,54.72999954223633,54.0,54.34000015258789,54.70000076293945,1657300,54.70000076293945
2016-11-17,55.779998779296875,54.400001525878906,54.400001525878906,55.65999984741211,1637500,55.65999984741211
2016-11-18,56.11000061035156,55.209999084472656,55.4900016784668,55.849998474121094,2115300,55.849998474121094
2016-11-21,56.59000015258789,55.650001525878906,55.90999984741211,56.16999816894531,1530600,56.16999816894531
2016-11-22,56.34000015258789,55.65999984741211,56.189998626708984,56.06999969482422,1209600,56.06999969482422
2016-11-23,56.5099983215332,55.61000061035156,55.939998626708984,55.689998626708984,1576800,55.689998626708984
2016-11-25,56.060001373291016,55.09000015258789,55.63999938964844,55.93000030517578,378200,55.93000030517578
2016-11-28,56.5099983215332,55.380001068115234,55.810001373291016,56.150001525878906,1550600,56.150001525878906
2016-11-29,58.0,56.11000061035156,56.36000061035156,57.689998626708984,2401500,57.689998626708984
2016-11-30,58.41999816894531,57.0,57.0,57.45000076293945,1992600,57.45000076293945
2016-12-01,58.13999938964844,55.43000030517578,57.310001373291016,56.220001220703125,2690500,56.220001220703125
2016-12-02,56.7400016784668,55.27000045776367,56.209999084472656,55.54999923706055,2062600,55.54999923706055
2016-12-05,57.04999923706055,55.79999923706055,55.959999084472656,56.65999984741211,1399500,56.65999984741211
2016-12-06,58.77000045776367,56.540000915527344,56.709999084472656,58.5099983215332,3599600,58.5099983215332
2016-12-07,58.93000030517578,57.88999938964844,58.61000061035156,58.63999938964844,1694500,58.63999938964844
2016-12-08,60.220001220703125,58.2400016784668,58.630001068115234,59.93000030517578,2539600,59.93000030517578
2016-12-09,60.25,58.86000061035156,60.209999084472656,59.0,1792000,59.0
2016-12-12,59.119998931884766,57.560001373291016,58.59000015258789,57.779998779296875,2095900,57.779998779296875
2016-12-13,58.61000061035156,57.86000061035156,57.86000061035156,58.529998779296875,1289500,58.529998779296875
2016-12-14,60.0,58.349998474121094,58.45000076293945,59.70000076293945,1526600,59.70000076293945
2016-12-15,60.040000915527344,58.290000915527344,60.02000045776367,58.459999084472656,2198800,58.459999084472656
2016-12-16,59.45000076293945,57.959999084472656,58.689998626708984,58.400001525878906,1968700,58.400001525878906
2016-12-19,58.599998474121094,57.84000015258789,58.279998779296875,58.06999969482422,1318600,58.06999969482422
2016-12-20,58.810001373291016,58.09000015258789,58.2400016784668,58.349998474121094,884500,58.349998474121094
2016-12-21,59.650001525878906,57.79999923706055,58.27000045776367,59.58000183105469,1088100,59.58000183105469
2016-12-22,59.4900016784668,58.689998626708984,59.459999084472656,59.06999969482422,703900,59.06999969482422
2016-12-23,59.529998779296875,58.77000045776367,58.95000076293945,58.88999938964844,528200,58.88999938964844
2016-12-27,59.790000915527344,58.91999816894531,59.04999923706055,59.54999923706055,708200,59.54999923706055
2016-12-28,59.68000030517578,58.709999084472656,59.5099983215332,58.95000076293945,874800,58.95000076293945
2016-12-29,59.09000015258789,58.119998931884766,58.86000061035156,58.400001525878906,1375900,58.400001525878906
2016-12-30,58.75,57.689998626708984,58.40999984741211,57.93000030517578,1277200,57.93000030517578
2017-01-03,60.119998931884766,58.040000915527344,58.5,59.689998626708984,2158900,59.689998626708984
2017-01-04,60.38999938964844,59.22999954223633,59.869998931884766,60.38999938964844,1988000,60.38999938964844
2017-01-05,61.349998474121094,59.66999816894531,60.220001220703125,60.7599983215332,3075600,60.7599983215332
2017-01-06,61.4900016784668,60.529998779296875,60.9900016784668,61.36000061035156,1643700,61.36000061035156
2017-01-09,61.790000915527344,60.61000061035156,61.13999938964844,61.63999938964844,1248800,61.63999938964844
2017-01-10,61.810001373291016,60.66999816894531,61.689998626708984,61.7400016784668,1579000,61.7400016784668
2017-01-11,62.45000076293945,61.33000183105469,61.61000061035156,61.88999938964844,1385500,61.88999938964844
2017-01-12,62.34000015258789,61.47999954223633,61.900001525878906,62.279998779296875,1135600,62.279998779296875
2017-01-13,62.970001220703125,61.91999816894531,62.22999954223633,62.27000045776367,1482700,62.27000045776367
2017-01-17,62.5,61.56999969482422,62.08000183105469,62.15999984741211,2030300,62.15999984741211
2017-01-18,62.4900016784668,61.08000183105469,61.880001068115234,61.349998474121094,1346200,61.349998474121094
2017-01-19,62.779998779296875,61.18000030517578,61.349998474121094,61.68000030517578,2224500,61.68000030517578
2017-01-20,62.279998779296875,59.88999938964844,62.25,60.13999938964844,2525600,60.13999938964844
2017-01-23,62.029998779296875,60.88999938964844,61.119998931884766,61.459999084472656,3389000,61.459999084472656
2017-01-24,62.4900016784668,60.77000045776367,61.45000076293945,62.43000030517578,2300200,62.43000030517578
2017-01-25,63.0,61.810001373291016,62.869998931884766,62.22999954223633,1630200,62.22999954223633
2017-01-26,60.29999923706055,57.0099983215332,59.66999816894531,58.02000045776367,15430200,58.02000045776367
2017-01-27,59.560001373291016,57.650001525878906,58.20000076293945,59.279998779296875,4304200,59.279998779296875
2017-01-30,59.54999923706055,58.45000076293945,59.06999969482422,59.34000015258789,2208700,59.34000015258789
2017-01-31,59.599998474121094,58.56999969482422,59.41999816894531,59.16999816894531,1299600,59.16999816894531
2017-02-01,61.91999816894531,59.54999923706055,59.7599983215332,61.13999938964844,4875000,61.13999938964844
2017-02-02,61.70000076293945,61.0099983215332,61.220001220703125,61.290000915527344,2550400,61.290000915527344
2017-02-03,63.9900016784668,61.040000915527344,61.369998931884766,61.849998474121094,3382500,61.849998474121094
2017-02-06,61.9900016784668,60.93000030517578,61.81999969482422,60.97999954223633,1788300,60.97999954223633
2017-02-07,61.20000076293945,60.310001373291016,60.939998626708984,60.41999816894531,1106200,60.41999816894531
2017-02-08,61.11000061035156,59.90999984741211,60.189998626708984,60.86000061035156,991000,60.86000061035156
2017-02-09,61.369998931884766,59.959999084472656,61.040000915527344,61.06999969482422,1818900,61.06999969482422
2017-02-10,61.36000061035156,60.5099983215332,61.08000183105469,61.150001525878906,936800,61.150001525878906
2017-02-13,63.290000915527344,61.43000030517578,62.16999816894531,61.95000076293945,2774200,61.95000076293945
2017-02-14,62.25,61.400001525878906,61.59000015258789,61.95000076293945,2825300,61.95000076293945
2017-02-15,63.119998931884766,61.630001068115234,61.95000076293945,62.88999938964844,2529800,62.88999938964844
2017-02-16,63.0,62.2400016784668,62.72999954223633,62.720001220703125,1443200,62.720001220703125
2017-02-17,62.959999084472656,61.880001068115234,62.630001068115234,62.88999938964844,2465200,62.88999938964844
2017-02-21,63.189998626708984,62.04999923706055,62.79999923706055,62.81999969482422,3161000,62.81999969482422
2017-02-22,64.73999786376953,62.349998474121094,64.5,62.400001525878906,3757300,62.400001525878906
2017-02-23,63.38999938964844,61.880001068115234,63.02000045776367,61.90999984741211,2888500,61.90999984741211
2017-02-24,62.59000015258789,61.61000061035156,61.91999816894531,62.540000915527344,2071700,62.540000915527344
2017-02-27,62.91999816894531,62.04999923706055,62.34000015258789,62.529998779296875,1210500,62.529998779296875
2017-02-28,62.41999816894531,61.650001525878906,62.41999816894531,62.0,1537700,62.0
2017-03-01,62.5,61.790000915527344,62.5,61.9900016784668,1602800,61.9900016784668
2017-03-02,61.90999984741211,60.70000076293945,61.83000183105469,60.81999969482422,2058700,60.81999969482422
2017-03-03,61.47999954223633,60.849998474121094,61.04999923706055,61.18000030517578,1779300,61.18000030517578
2017-03-06,61.400001525878906,60.880001068115234,60.900001525878906,61.22999954223633,982500,61.22999954223633
2017-03-07,64.5,63.810001373291016,64.38999938964844,64.0,12710200,64.0
2017-03-08,64.33000183105469,63.54999923706055,63.86000061035156,63.9900016784668,6516200,63.9900016784668
2017-03-09,64.25,62.970001220703125,63.91999816894531,63.5099983215332,5165200,63.5099983215332
2017-03-10,62.97999954223633,61.7400016784668,62.439998626708984,62.04999923706055,41312800,62.04999923706055
2017-03-13,62.38999938964844,61.33000183105469,62.0,61.97999954223633,7269000,61.97999954223633
2017-03-14,62.5,61.40999984741211,61.970001220703125,62.459999084472656,4501500,62.459999084472656
2017-03-15,63.279998779296875,62.22999954223633,62.790000915527344,63.13999938964844,4454000,63.13999938964844
2017-03-16,64.1500015258789,62.880001068115234,63.529998779296875,63.220001220703125,3496900,63.220001220703125
2017-03-17,63.91999816894531,62.88999938964844,63.59000015258789,63.86000061035156,4990000,63.86000061035156
2017-03-20,63.77000045776367,62.84000015258789,63.70000076293945,63.060001373291016,2757000,63.060001373291016
2017-03-21,63.2599983215332,61.72999954223633,63.220001220703125,61.869998931884766,3657800,61.869998931884766
2017-03-22,62.22999954223633,61.34000015258789,62.04999923706055,61.650001525878906,2880500,61.650001525878906
2017-03-23,62.36000061035156,61.25,61.540000915527344,61.880001068115234,1716700,61.880001068115234
2017-03-24,62.22999954223633,61.5,61.900001525878906,61.9900016784668,1894300,61.9900016784668
2017-03-27,62.4900016784668,61.349998474121094,61.70000076293945,62.16999816894531,1775500,62.16999816894531
2017-03-28,63.06999969482422,61.849998474121094,61.95000076293945,62.91999816894531,1829200,62.91999816894531
2017-03-29,63.119998931884766,62.470001220703125,62.619998931884766,62.9900016784668,2026000,62.9900016784668
2017-03-30,63.220001220703125,61.65999984741211,61.900001525878906,63.20000076293945,2627600,63.20000076293945
2017-03-31,63.77000045776367,63.04999923706055,63.06999969482422,63.4900016784668,3235800,63.4900016784668
2017-04-03,63.79999923706055,62.72999954223633,63.4900016784668,63.06999969482422,1995800,63.06999969482422
2017-04-04,63.66999816894531,62.52000045776367,63.060001373291016,63.47999954223633,1858600,63.47999954223633
2017-04-05,64.31999969482422,62.81999969482422,63.41999816894531,62.869998931884766,2101700,62.869998931884766
2017-04-06,63.66999816894531,62.599998474121094,62.77000045776367,63.150001525878906,1956300,63.150001525878906
2017-04-07,63.11000061035156,62.29999923706055,63.0,62.54999923706055,1883400,62.54999923706055
2017-04-10,64.4800033569336,63.09000015258789,64.26000213623047,63.61000061035156,4180000,63.61000061035156
2017-04-11,63.790000915527344,62.709999084472656,63.43000030517578,63.54999923706055,2441300,63.54999923706055
2017-04-12,64.06999969482422,63.130001068115234,63.5099983215332,63.9900016784668,2556500,63.9900016784668
2017-04-13,64.37000274658203,62.290000915527344,63.97999954223633,62.380001068115234,4528400,62.380001068115234
2017-04-17,62.630001068115234,58.619998931884766,62.5,58.790000915527344,7735300,58.790000915527344
2017-04-18,58.45000076293945,57.310001373291016,57.65999984741211,58.040000915527344,5657900,58.040000915527344
2017-04-19,59.81999969482422,58.099998474121094,58.150001525878906,59.58000183105469,4779100,59.58000183105469
2017-04-20,60.5,59.650001525878906,59.93000030517578,59.84000015258789,3040100,59.84000015258789
2017-04-21,60.279998779296875,59.52000045776367,59.810001373291016,59.61000061035156,1977300,59.61000061035156
2017-04-24,60.65999984741211,59.7599983215332,60.25,60.34000015258789,1822300,60.34000015258789
2017-04-25,62.61000061035156,60.54999923706055,61.04999923706055,62.540000915527344,3784700,62.540000915527344
2017-04-26,63.61000061035156,62.2400016784668,62.689998626708984,63.29999923706055,3414900,63.29999923706055
2017-04-27,65.61000061035156,63.84000015258789,63.970001220703125,65.0,4371800,65.0
2017-04-28,65.18000030517578,63.88999938964844,65.12999725341797,64.44000244140625,3682700,64.44000244140625
2017-05-01,65.16999816894531,62.619998931884766,63.459999084472656,62.93000030517578,5661200,62.93000030517578
2017-05-02,63.630001068115234,62.40999984741211,62.939998626708984,63.16999816894531,3016300,63.16999816894531
2017-05-03,63.15999984741211,60.2599983215332,63.15999984741211,60.380001068115234,3292900,60.380001068115234
2017-05-04,60.81999969482422,59.83000183105469,60.4900016784668,60.060001373291016,2996700,60.060001373291016
2017-05-05,61.720001220703125,60.06999969482422,60.560001373291016,61.599998474121094,3515200,61.599998474121094
2017-05-08,62.369998931884766,60.70000076293945,61.7599983215332,61.279998779296875,2076100,61.279998779296875
2017-05-09,61.7400016784668,60.43000030517578,60.88999938964844,61.2400016784668,2896400,61.2400016784668
2017-05-10,61.7599983215332,60.41999816894531,61.150001525878906,61.66999816894531,2440400,61.66999816894531
2017-05-11,61.790000915527344,60.86000061035156,61.290000915527344,61.630001068115234,1512000,61.630001068115234
2017-05-12,61.68000030517578,60.939998626708984,61.63999938964844,61.369998931884766,1295700,61.369998931884766
2017-05-15,62.06999969482422,61.2400016784668,61.2400016784668,61.5099983215332,3002400,61.5099983215332
2017-05-16,62.45000076293945,61.689998626708984,61.81999969482422,62.27000045776367,2025200,62.27000045776367
2017-05-17,65.41000366210938,62.689998626708984,63.810001373291016,62.77000045776367,8831300,62.77000045776367
2017-05-18,63.630001068115234,62.2599983215332,62.810001373291016,62.54999923706055,2554600,62.54999923706055
2017-05-19,64.16999816894531,62.06999969482422,62.68000030517578,63.529998779296875,2068200,63.529998779296875
2017-05-22,63.970001220703125,63.369998931884766,63.47999954223633,63.79999923706055,1568400,63.79999923706055
2017-05-23,64.2300033569336,63.20000076293945,64.05000305175781,63.86000061035156,1746900,63.86000061035156
2017-05-24,63.83000183105469,61.619998931884766,63.529998779296875,63.33000183105469,3362800,63.33000183105469
2017-05-25,64.76000213623047,62.52000045776367,63.61000061035156,63.900001525878906,3043700,63.900001525878906
2017-05-26,64.1500015258789,63.47999954223633,64.02999877929688,64.12000274658203,1553000,64.12000274658203
2017-05-30,64.26000213623047,62.33000183105469,64.06999969482422,63.630001068115234,1126500,63.630001068115234
2017-05-31,64.1500015258789,63.20000076293945,63.7599983215332,63.77000045776367,1994200,63.77000045776367
2017-06-01,65.25,63.529998779296875,63.9900016784668,65.20999908447266,2298600,65.20999908447266
2017-06-02,66.30999755859375,64.8499984741211,65.44999694824219,66.08000183105469,1974800,66.08000183105469
2017-06-05,66.44000244140625,65.37000274658203,66.19999694824219,66.19000244140625,2318300,66.19000244140625
2017-06-06,66.2699966430664,64.30000305175781,66.20999908447266,64.58000183105469,2059200,64.58000183105469
2017-06-07,65.05999755859375,64.54000091552734,64.69000244140625,64.88999938964844,1541000,64.88999938964844
2017-06-08,64.7699966430664,63.38999938964844,63.68000030517578,63.970001220703125,2033200,63.970001220703125
2017-06-09,66.25,64.51000213623047,65.44000244140625,65.0199966430664,4855800,65.0199966430664
2017-06-12,65.37999725341797,64.29000091552734,64.62999725341797,64.98999786376953,2168200,64.98999786376953
2017-06-13,66.33000183105469,64.70999908447266,64.70999908447266,66.04000091552734,1794500,66.04000091552734
2017-06-14,66.4800033569336,64.61000061035156,66.33999633789062,64.87999725341797,1624500,64.87999725341797
2017-06-15,65.3499984741211,64.20999908447266,64.61000061035156,65.27999877929688,1249300,65.27999877929688
2017-06-16,65.20999908447266,63.70000076293945,65.20999908447266,64.5,2803400,64.5
2017-06-19,65.29000091552734,64.2300033569336,64.66000366210938,64.9800033569336,1370900,64.9800033569336
2017-06-20,65.05999755859375,63.099998474121094,65.05999755859375,63.2400016784668,1479100,63.2400016784668
2017-06-21,63.470001220703125,62.75,63.400001525878906,63.2400016784668,1741400,63.2400016784668
2017-06-22,63.77000045776367,62.560001373291016,63.2400016784668,63.02000045776367,1815000,63.02000045776367
2017-06-23,64.01000213623047,62.619998931884766,63.119998931884766,63.88999938964844,1197200,63.88999938964844
2017-06-26,64.45999908447266,63.650001525878906,64.04000091552734,63.849998474121094,882500,63.849998474121094
2017-06-27,64.9800033569336,63.650001525878906,63.810001373291016,63.83000183105469,1580900,63.83000183105469
2017-06-28,65.19000244140625,64.04000091552734,64.04000091552734,64.73999786376953,1427200,64.73999786376953
2017-06-29,64.45999908447266,62.27000045776367,64.41000366210938,62.689998626708984,2292300,62.689998626708984
2017-06-30,63.290000915527344,62.040000915527344,63.22999954223633,62.7599983215332,1597500,62.7599983215332
2017-07-03,63.720001220703125,62.86000061035156,63.290000915527344,62.880001068115234,597200,62.880001068115234
2017-07-05,63.220001220703125,62.220001220703125,62.88999938964844,62.77000045776367,1482700,62.77000045776367
2017-07-06,64.12000274658203,62.47999954223633,62.84000015258789,63.400001525878906,2827300,63.400001525878906
2017-07-07,64.62000274658203,63.459999084472656,63.650001525878906,63.88999938964844,1554000,63.88999938964844
2017-07-10,64.43000030517578,63.540000915527344,63.83000183105469,64.30000305175781,1061300,64.30000305175781
2017-07-11,65.30999755859375,64.25,64.36000061035156,64.77999877929688,1507200,64.77999877929688
2017-07-12,65.66000366210938,64.7300033569336,65.13999938964844,65.19000244140625,1614800,65.19000244140625
2017-07-13,65.13999938964844,64.5,65.13999938964844,64.6500015258789,2359100,64.6500015258789
2017-07-14,66.26000213623047,64.94000244140625,64.97000122070312,66.0,1899000,66.0
2017-07-17,66.5,65.47000122070312,66.05000305175781,65.87000274658203,1426700,65.87000274658203
2017-07-18,65.7699966430664,64.95999908447266,65.66999816894531,65.52999877929688,1572500,65.52999877929688
2017-07-19,66.0,65.0,65.79000091552734,65.08999633789062,1671400,65.08999633789062
2017-07-20,66.0,65.01000213623047,65.25,65.08999633789062,1318300,65.08999633789062
2017-07-21,65.2699966430664,64.1500015258789,64.83999633789062,64.72000122070312,1761000,64.72000122070312
2017-07-24,64.91999816894531,64.13999938964844,64.66000366210938,64.33000183105469,2041300,64.33000183105469
2017-07-25,65.16000366210938,64.04000091552734,64.51000213623047,64.44000244140625,1408300,64.44000244140625
2017-07-26,64.30000305175781,62.709999084472656,62.9900016784668,64.2699966430664,2193700,64.2699966430664
2017-07-27,64.62000274658203,62.900001525878906,64.4000015258789,63.880001068115234,2131200,63.880001068115234
2017-07-28,64.19000244140625,63.5,63.79999923706055,63.939998626708984,1160500,63.939998626708984
2017-07-31,64.5,63.31999969482422,63.97999954223633,64.02999877929688,1310100,64.02999877929688
2017-08-01,66.4800033569336,63.529998779296875,64.19000244140625,65.48999786376953,3444700,65.48999786376953
2017-08-02,65.16999816894531,63.400001525878906,65.16999816894531,64.0,3198000,64.0
2017-08-03,63.72999954223633,60.70000076293945,63.529998779296875,61.11000061035156,4822900,61.11000061035156
2017-08-04,61.38999938964844,60.15999984741211,60.83000183105469,60.619998931884766,2401700,60.619998931884766
2017-08-07,60.59000015258789,59.70000076293945,60.5,60.040000915527344,1386600,60.040000915527344
2017-08-08,60.4900016784668,59.33000183105469,59.88999938964844,59.709999084472656,1393900,59.709999084472656
2017-08-09,59.91999816894531,58.959999084472656,59.29999923706055,59.7400016784668,1376900,59.7400016784668
2017-08-10,59.619998931884766,58.150001525878906,59.189998626708984,58.189998626708984,1907500,58.189998626708984
2017-08-11,58.65999984741211,58.02000045776367,58.40999984741211,58.459999084472656,1211500,58.459999084472656
2017-08-14,59.459999084472656,58.59000015258789,58.7400016784668,58.720001220703125,1722600,58.720001220703125
2017-08-15,58.83000183105469,57.9900016784668,58.63999938964844,58.150001525878906,1191400,58.150001525878906
2017-08-16,58.75,57.81999969482422,58.459999084472656,58.459999084472656,1670000,58.459999084472656
2017-08-17,58.400001525878906,56.880001068115234,58.34000015258789,56.939998626708984,1530600,56.939998626708984
2017-08-18,57.380001068115234,56.220001220703125,56.720001220703125,56.84000015258789,2084800,56.84000015258789
2017-08-21,57.029998779296875,56.540000915527344,56.95000076293945,56.650001525878906,990100,56.650001525878906
2017-08-22,57.65999984741211,56.810001373291016,56.810001373291016,57.45000076293945,1555500,57.45000076293945
2017-08-23,57.91999816894531,57.22999954223633,57.310001373291016,57.279998779296875,1400000,57.279998779296875
2017-08-24,57.689998626708984,56.470001220703125,57.25,57.310001373291016,1706100,57.310001373291016
2017-08-25,57.720001220703125,56.63999938964844,57.560001373291016,56.63999938964844,1115600,56.63999938964844
2017-08-28,57.02000045776367,56.439998626708984,56.61000061035156,56.65999984741211,901100,56.65999984741211
2017-08-29,59.900001525878906,55.970001220703125,56.290000915527344,57.77000045776367,3636600,57.77000045776367
2017-08-30,57.900001525878906,57.04999923706055,57.560001373291016,57.20000076293945,1586700,57.20000076293945
2017-08-31,57.439998626708984,56.5099983215332,57.380001068115234,57.290000915527344,1734500,57.290000915527344
2017-09-01,58.70000076293945,57.619998931884766,57.619998931884766,58.470001220703125,1627100,58.470001220703125
2017-09-05,58.66999816894531,56.84000015258789,58.470001220703125,57.150001525878906,1744800,57.150001525878906
2017-09-06,57.7400016784668,57.13999938964844,57.380001068115234,57.599998474121094,1068900,57.599998474121094
2017-09-07,57.95000076293945,55.439998626708984,57.61000061035156,55.47999954223633,2188800,55.47999954223633
2017-09-08,55.900001525878906,54.540000915527344,55.4900016784668,54.599998474121094,2443500,54.599998474121094
2017-09-11,55.29999923706055,54.400001525878906,55.02000045776367,54.560001373291016,2208500,54.560001373291016
2017-09-12,54.810001373291016,54.22999954223633,54.4900016784668,54.59000015258789,1304200,54.59000015258789
2017-09-13,54.58000183105469,53.7400016784668,54.2400016784668,53.939998626708984,3275700,53.939998626708984
2017-09-14,53.97999954223633,52.13999938964844,53.86000061035156,53.06999969482422,4135300,53.06999969482422
2017-09-15,53.400001525878906,52.439998626708984,53.400001525878906,52.95000076293945,3134600,52.95000076293945
2017-09-18,53.41999816894531,52.45000076293945,52.689998626708984,52.849998474121094,2261100,52.849998474121094
2017-09-19,53.4900016784668,52.38999938964844,52.779998779296875,53.380001068115234,3030200,53.380001068115234
2017-09-20,54.70000076293945,53.38999938964844,53.599998474121094,53.560001373291016,2677500,53.560001373291016
2017-09-21,53.90999984741211,52.849998474121094,53.650001525878906,53.25,1277900,53.25
2017-09-22,53.56999969482422,52.84000015258789,53.279998779296875,53.2599983215332,1006300,53.2599983215332
2017-09-25,54.040000915527344,53.06999969482422,53.25,54.0,1921600,54.0
2017-09-26,53.61000061035156,52.09000015258789,53.61000061035156,52.150001525878906,2758000,52.150001525878906
2017-09-27,53.59000015258789,52.16999816894531,52.33000183105469,53.310001373291016,1859300,53.310001373291016
2017-09-28,53.43000030517578,52.56999969482422,53.0,53.0099983215332,1413300,53.0099983215332
2017-09-29,54.45000076293945,52.93000030517578,53.06999969482422,54.22999954223633,2145700,54.22999954223633
2017-10-02,54.279998779296875,53.459999084472656,54.0099983215332,53.83000183105469,1471300,53.83000183105469
2017-10-03,54.34000015258789,53.689998626708984,53.849998474121094,54.31999969482422,898000,54.31999969482422
2017-10-04,54.650001525878906,53.88999938964844,54.209999084472656,54.09000015258789,1352200,54.09000015258789
2017-10-05,54.77000045776367,53.9900016784668,54.25,54.029998779296875,1432900,54.029998779296875
2017-10-06,54.11000061035156,53.279998779296875,53.880001068115234,53.33000183105469,1726600,53.33000183105469
2017-10-09,53.47999954223633,51.630001068115234,53.279998779296875,51.68000030517578,2821400,51.68000030517578
2017-10-10,52.36000061035156,51.470001220703125,52.029998779296875,51.70000076293945,3160100,51.70000076293945
2017-10-11,51.97999954223633,51.38999938964844,51.75,51.650001525878906,1937200,51.650001525878906
2017-10-12,51.45000076293945,48.72999954223633,51.380001068115234,49.029998779296875,5235600,49.029998779296875
2017-10-13,48.63999938964844,47.47999954223633,48.369998931884766,48.380001068115234,6029800,48.380001068115234
2017-10-16,49.45000076293945,48.31999969482422,48.720001220703125,49.029998779296875,2164000,49.029998779296875
2017-10-17,49.16999816894531,48.68000030517578,49.0,48.849998474121094,1629200,48.849998474121094
2017-10-18,50.09000015258789,48.70000076293945,48.83000183105469,49.709999084472656,2999400,49.709999084472656
2017-10-19,49.869998931884766,49.040000915527344,49.54999923706055,49.31999969482422,2778300,49.31999969482422
2017-10-20,49.84000015258789,49.2400016784668,49.720001220703125,49.29999923706055,1824100,49.29999923706055
2017-10-23,49.70000076293945,48.72999954223633,49.47999954223633,48.97999954223633,1892700,48.97999954223633
2017-10-24,49.06999969482422,48.59000015258789,48.869998931884766,49.0,1474800,49.0
2017-10-25,49.040000915527344,48.2599983215332,48.900001525878906,49.0,1968800,49.0
2017-10-26,49.029998779296875,47.90999984741211,48.869998931884766,47.91999816894531,1675500,47.91999816894531
2017-10-27,47.599998474121094,46.40999984741211,47.56999969482422,46.4900016784668,4215700,46.4900016784668
2017-10-30,49.0,46.06999969482422,46.22999954223633,48.38999938964844,6043100,48.38999938964844
2017-10-31,48.91999816894531,47.529998779296875,48.41999816894531,48.540000915527344,2900400,48.540000915527344
2017-11-01,49.130001068115234,48.34000015258789,48.849998474121094,48.77000045776367,3100100,48.77000045776367
2017-11-02,48.790000915527344,47.95000076293945,48.720001220703125,48.27000045776367,1889300,48.27000045776367
2017-11-03,48.29999923706055,47.54999923706055,47.83000183105469,48.06999969482422,2379200,48.06999969482422
2017-11-06,51.560001373291016,49.56999969482422,49.849998474121094,50.81999969482422,5894400,50.81999969482422
2017-11-07,51.150001525878906,49.61000061035156,50.810001373291016,50.06999969482422,2565000,50.06999969482422
2017-11-08,50.20000076293945,48.45000076293945,49.9900016784668,48.72999954223633,3750500,48.72999954223633
2017-11-09,51.88999938964844,48.880001068115234,50.0,50.29999923706055,4499300,50.29999923706055
2017-11-10,51.290000915527344,50.0,50.130001068115234,50.810001373291016,2211700,50.810001373291016
2017-11-13,50.869998931884766,49.709999084472656,50.310001373291016,50.86000061035156,2263800,50.86000061035156
2017-11-14,50.779998779296875,50.040000915527344,50.70000076293945,50.5099983215332,2215900,50.5099983215332
2017-11-15,50.869998931884766,49.52000045776367,50.5099983215332,50.61000061035156,2532000,50.61000061035156
2017-11-16,51.0099983215332,50.029998779296875,50.459999084472656,50.5,2113700,50.5
2017-11-17,50.790000915527344,50.15999984741211,50.459999084472656,50.65999984741211,2041600,50.65999984741211
2017-11-20,50.70000076293945,49.279998779296875,50.599998474121094,50.0099983215332,1671300,50.0099983215332
2017-11-21,50.18000030517578,49.439998626708984,50.029998779296875,50.040000915527344,1892600,50.040000915527344
2017-11-22,50.77000045776367,49.77000045776367,50.040000915527344,50.43000030517578,1765900,50.43000030517578
2017-11-24,50.779998779296875,49.630001068115234,50.400001525878906,49.869998931884766,482900,49.869998931884766
2017-11-27,49.9900016784668,49.119998931884766,49.9900016784668,49.650001525878906,1570700,49.650001525878906
2017-11-28,50.470001220703125,49.41999816894531,49.79999923706055,50.40999984741211,2164400,50.40999984741211
2017-11-29,51.65999984741211,50.119998931884766,50.33000183105469,51.279998779296875,3026600,51.279998779296875
2017-11-30,51.75,50.209999084472656,51.25,50.650001525878906,2642000,50.650001525878906
2017-12-01,51.08000183105469,49.91999816894531,50.15999984741211,50.31999969482422,2485400,50.31999969482422
2017-12-04,52.13999938964844,50.349998474121094,50.540000915527344,51.599998474121094,2968400,51.599998474121094
2017-12-05,52.529998779296875,51.47999954223633,52.029998779296875,52.029998779296875,2495700,52.029998779296875
2017-12-06,52.27000045776367,49.290000915527344,52.029998779296875,49.310001373291016,3571400,49.310001373291016
2017-12-07,49.41999816894531,48.29999923706055,49.09000015258789,48.95000076293945,3322800,48.95000076293945
2017-12-08,49.380001068115234,48.47999954223633,49.36000061035156,48.59000015258789,1959300,48.59000015258789
2017-12-11,49.70000076293945,48.540000915527344,48.650001525878906,49.43000030517578,3160300,49.43000030517578
2017-12-12,50.08000183105469,49.5099983215332,49.56999969482422,49.630001068115234,1105200,49.630001068115234
2017-12-13,50.31999969482422,48.790000915527344,49.81999969482422,48.9900016784668,2639000,48.9900016784668
2017-12-14,49.2400016784668,48.45000076293945,49.060001373291016,48.52000045776367,1869400,48.52000045776367
2017-12-15,48.97999954223633,48.220001220703125,48.90999984741211,48.56999969482422,3042200,48.56999969482422
2017-12-18,50.11000061035156,48.72999954223633,48.79999923706055,49.849998474121094,2167700,49.849998474121094
2017-12-19,49.849998474121094,48.349998474121094,49.849998474121094,48.470001220703125,1739100,48.470001220703125
2017-12-20,49.0,48.4900016784668,48.93000030517578,48.70000076293945,1409800,48.70000076293945
2017-12-21,49.84000015258789,48.68000030517578,48.709999084472656,49.119998931884766,1628800,49.119998931884766
2017-12-22,49.349998474121094,48.43000030517578,49.11000061035156,48.529998779296875,1481900,48.529998779296875
2017-12-26,48.849998474121094,48.15999984741211,48.529998779296875,48.34000015258789,792800,48.34000015258789
2017-12-27,48.459999084472656,47.59000015258789,48.439998626708984,47.66999816894531,1196200,47.66999816894531
2017-12-28,47.869998931884766,47.470001220703125,47.66999816894531,47.849998474121094,975700,47.849998474121094
2017-12-29,47.9900016784668,47.61000061035156,47.70000076293945,47.75,1242200,47.75
2018-01-02,50.4900016784668,48.16999816894531,48.40999984741211,50.20000076293945,2876100,50.20000076293945
2018-01-03,50.4900016784668,49.220001220703125,50.06999969482422,49.36000061035156,2095600,49.36000061035156
2018-01-04,49.70000076293945,49.09000015258789,49.70000076293945,49.380001068115234,1370600,49.380001068115234
2018-01-05,49.47999954223633,48.45000076293945,49.38999938964844,49.220001220703125,2357500,49.220001220703125
2018-01-08,49.2400016784668,48.56999969482422,49.099998474121094,48.900001525878906,1886400,48.900001525878906
2018-01-09,49.20000076293945,48.52000045776367,49.0,48.56999969482422,1435600,48.56999969482422
2018-01-10,48.5099983215332,48.0,48.38999938964844,48.40999984741211,2130900,48.40999984741211
2018-01-11,49.349998474121094,48.27000045776367,48.41999816894531,49.25,1792100,49.25
2018-01-12,49.779998779296875,49.130001068115234,49.689998626708984,49.47999954223633,1461500,49.47999954223633
2018-01-16,49.709999084472656,47.93000030517578,49.56999969482422,47.9900016784668,2820100,47.9900016784668
2018-01-17,47.380001068115234,45.13999938964844,47.29999923706055,45.45000076293945,6754700,45.45000076293945
2018-01-18,46.04999923706055,45.099998474121094,45.439998626708984,45.15999984741211,3514900,45.15999984741211
2018-01-19,45.58000183105469,44.83000183105469,45.02000045776367,45.2599983215332,3163600,45.2599983215332
2018-01-22,46.7400016784668,45.2400016784668,45.36000061035156,46.2599983215332,2655400,46.2599983215332
2018-01-23,46.459999084472656,46.0,46.11000061035156,46.33000183105469,1544100,46.33000183105469
2018-01-24,47.790000915527344,46.43000030517578,46.560001373291016,47.72999954223633,2988100,47.72999954223633
2018-01-25,48.209999084472656,46.95000076293945,47.869998931884766,47.029998779296875,1607600,47.029998779296875
2018-01-26,47.31999969482422,46.5099983215332,47.209999084472656,47.189998626708984,1418400,47.189998626708984
2018-01-29,47.63999938964844,46.619998931884766,46.810001373291016,47.29999923706055,1714800,47.29999923706055
2018-01-30,47.630001068115234,47.119998931884766,47.36000061035156,47.2599983215332,1459500,47.2599983215332
2018-01-31,47.540000915527344,46.7400016784668,47.130001068115234,46.900001525878906,1793400,46.900001525878906
2018-02-01,47.47999954223633,46.72999954223633,46.75,47.15999984741211,1676400,47.15999984741211
2018-02-02,47.59000015258789,46.540000915527344,46.959999084472656,46.790000915527344,1960200,46.790000915527344
2018-02-05,47.08000183105469,44.66999816894531,46.619998931884766,44.72999954223633,3009800,44.72999954223633
2018-02-06,45.75,42.47999954223633,44.439998626708984,43.31999969482422,4373600,43.31999969482422
2018-02-07,45.689998626708984,44.09000015258789,44.75,45.099998474121094,4809800,45.099998474121094
2018-02-08,45.38999938964844,43.75,45.189998626708984,43.77000045776367,3059200,43.77000045776367
2018-02-09,44.38999938964844,42.290000915527344,44.09000015258789,43.400001525878906,3599700,43.400001525878906
2018-02-12,44.349998474121094,43.34000015258789,43.540000915527344,44.0,1955300,44.0
2018-02-13,44.400001525878906,43.43000030517578,43.84000015258789,44.33000183105469,2107900,44.33000183105469
2018-02-14,45.08000183105469,43.47999954223633,43.86000061035156,44.93000030517578,2011700,44.93000030517578
2018-02-15,46.189998626708984,44.630001068115234,45.130001068115234,45.689998626708984,2899600,45.689998626708984
2018-02-16,46.29999923706055,45.36000061035156,45.619998931884766,45.689998626708984,2188300,45.689998626708984
2018-02-20,45.7599983215332,44.439998626708984,45.58000183105469,44.56999969482422,3824500,44.56999969482422
2018-02-21,45.150001525878906,43.130001068115234,44.130001068115234,43.18000030517578,4234200,43.18000030517578
2018-02-22,44.88999938964844,43.43000030517578,43.4900016784668,43.869998931884766,3160100,43.869998931884766
2018-02-23,44.86000061035156,43.459999084472656,44.279998779296875,44.47999954223633,2737000,44.47999954223633
2018-02-26,45.04999923706055,44.2599983215332,44.630001068115234,44.95000076293945,1412900,44.95000076293945
2018-02-27,45.029998779296875,43.58000183105469,45.029998779296875,43.63999938964844,3985600,43.63999938964844
2018-02-28,43.77000045776367,41.66999816894531,43.63999938964844,41.689998626708984,4061200,41.689998626708984
2018-03-01,42.029998779296875,40.290000915527344,41.630001068115234,40.720001220703125,3626100,40.720001220703125
2018-03-02,41.150001525878906,40.220001220703125,40.31999969482422,40.97999954223633,2048900,40.97999954223633
2018-03-05,41.900001525878906,40.459999084472656,40.7599983215332,41.45000076293945,1627100,41.45000076293945
2018-03-06,41.779998779296875,40.95000076293945,41.7400016784668,41.220001220703125,1616900,41.220001220703125
2018-03-07,41.65999984741211,40.95000076293945,41.279998779296875,41.41999816894531,1714100,41.41999816894531
2018-03-08,41.900001525878906,41.31999969482422,41.68000030517578,41.380001068115234,2164200,41.380001068115234
2018-03-09,41.70000076293945,40.619998931884766,41.56999969482422,40.7599983215332,2280200,40.7599983215332
2018-03-12,41.58000183105469,40.779998779296875,40.900001525878906,41.349998474121094,2065800,41.349998474121094
2018-03-13,41.75,40.7599983215332,41.599998474121094,40.9900016784668,1935900,40.9900016784668
2018-03-14,41.220001220703125,40.470001220703125,40.970001220703125,40.5,1791900,40.5
2018-03-15,41.20000076293945,39.91999816894531,40.5,40.08000183105469,1794800,40.08000183105469
2018-03-16,41.34000015258789,40.209999084472656,40.349998474121094,40.7599983215332,3186100,40.7599983215332
2018-03-19,40.63999938964844,39.150001525878906,40.630001068115234,39.650001525878906,2404200,39.650001525878906
2018-03-20,40.029998779296875,38.58000183105469,39.7599983215332,38.79999923706055,3004700,38.79999923706055
2018-03-21,39.65999984741211,38.68000030517578,38.689998626708984,39.060001373291016,1566500,39.060001373291016
2018-03-22,38.790000915527344,37.75,38.68000030517578,37.77000045776367,2356300,37.77000045776367
2018-03-23,38.36000061035156,36.619998931884766,38.310001373291016,36.650001525878906,2489400,36.650001525878906
2018-03-26,37.59000015258789,36.47999954223633,37.150001525878906,37.09000015258789,2850400,37.09000015258789
2018-03-27,37.900001525878906,36.0,37.400001525878906,37.25,2872000,37.25
2018-03-28,37.849998474121094,36.959999084472656,37.5099983215332,37.439998626708984,2480400,37.439998626708984
2018-03-29,38.18000030517578,37.34000015258789,37.5099983215332,37.88999938964844,2246300,37.88999938964844
2018-04-02,38.06999969482422,36.849998474121094,37.65999984741211,37.209999084472656,2443700,37.209999084472656
2018-04-03,38.540000915527344,37.220001220703125,37.470001220703125,38.5,2602300,38.5
2018-04-04,38.97999954223633,37.650001525878906,37.939998626708984,38.779998779296875,2612000,38.779998779296875
2018-04-05,39.689998626708984,38.7400016784668,38.86000061035156,39.459999084472656,2499700,39.459999084472656
2018-04-06,39.720001220703125,38.16999816894531,39.060001373291016,38.5099983215332,3019400,38.5099983215332
2018-04-09,39.189998626708984,38.209999084472656,38.650001525878906,38.41999816894531,1457600,38.41999816894531
2018-04-10,39.5,38.380001068115234,38.90999984741211,39.2400016784668,1990000,39.2400016784668
2018-04-11,39.65999984741211,38.79999923706055,39.15999984741211,38.84000015258789,2219900,38.84000015258789
2018-04-12,39.29999923706055,38.459999084472656,38.95000076293945,38.68000030517578,981400,38.68000030517578
2018-04-13,39.040000915527344,38.29999923706055,38.68000030517578,38.529998779296875,1282100,38.529998779296875
2018-04-16,39.31999969482422,38.400001525878906,38.709999084472656,38.970001220703125,2021600,38.970001220703125
2018-04-17,39.09000015258789,38.59000015258789,38.970001220703125,38.689998626708984,2117000,38.689998626708984
2018-04-18,39.4900016784668,38.75,38.970001220703125,39.11000061035156,1364300,39.11000061035156
2018-04-19,39.5,38.45000076293945,39.029998779296875,38.52000045776367,1679800,38.52000045776367
2018-04-20,38.77000045776367,37.15999984741211,38.459999084472656,37.22999954223633,2607100,37.22999954223633
2018-04-23,37.4900016784668,36.91999816894531,37.2400016784668,37.279998779296875,2207400,37.279998779296875
2018-04-24,37.630001068115234,36.560001373291016,37.38999938964844,36.779998779296875,2015300,36.779998779296875
2018-04-25,37.209999084472656,36.45000076293945,36.81999969482422,36.86000061035156,1486800,36.86000061035156
2018-04-26,37.45000076293945,36.540000915527344,37.02000045776367,36.810001373291016,1847500,36.810001373291016
2018-04-27,36.79999923706055,34.65999984741211,36.7599983215332,34.7400016784668,3750700,34.7400016784668
2018-04-30,35.41999816894531,33.369998931884766,34.91999816894531,33.54999923706055,4268200,33.54999923706055
2018-05-01,33.849998474121094,32.869998931884766,33.2400016784668,33.43000030517578,3093200,33.43000030517578
2018-05-02,33.72999954223633,33.08000183105469,33.43000030517578,33.33000183105469,2510200,33.33000183105469
2018-05-03,33.2599983215332,32.040000915527344,33.099998474121094,33.09000015258789,3076900,33.09000015258789
2018-05-04,33.709999084472656,32.540000915527344,32.790000915527344,33.38999938964844,2833400,33.38999938964844
2018-05-07,33.97999954223633,33.2400016784668,33.47999954223633,33.900001525878906,3287900,33.900001525878906
2018-05-08,34.7400016784668,29.780000686645508,33.599998474121094,29.809999465942383,8008800,29.809999465942383
2018-05-09,31.75,28.93000030517578,29.93000030517578,31.1200008392334,6016800,31.1200008392334
2018-05-10,31.860000610351562,30.950000762939453,31.34000015258789,31.780000686645508,2711700,31.780000686645508
2018-05-11,32.029998779296875,30.770000457763672,31.81999969482422,31.3799991607666,3538100,31.3799991607666
2018-05-14,31.950000762939453,31.1299991607666,31.280000686645508,31.829999923706055,2930000,31.829999923706055
2018-05-15,32.0,31.459999084472656,31.770000457763672,31.989999771118164,2756700,31.989999771118164
2018-05-16,33.290000915527344,31.959999084472656,31.959999084472656,32.97999954223633,4213500,32.97999954223633
2018-05-17,33.220001220703125,32.43000030517578,32.97999954223633,32.650001525878906,2334600,32.650001525878906
2018-05-18,32.849998474121094,32.18000030517578,32.59000015258789,32.349998474121094,2237500,32.349998474121094
2018-05-21,32.650001525878906,31.770000457763672,32.650001525878906,31.84000015258789,1732700,31.84000015258789
2018-05-22,32.380001068115234,31.8700008392334,31.940000534057617,31.969999313354492,1785700,31.969999313354492
2018-05-23,31.75,30.850000381469727,31.700000762939453,30.979999542236328,2570200,30.979999542236328
2018-05-24,31.06999969482422,30.149999618530273,30.979999542236328,30.489999771118164,3626400,30.489999771118164
2018-05-25,30.989999771118164,30.420000076293945,30.459999084472656,30.709999084472656,1892900,30.709999084472656
2018-05-29,30.780000686645508,29.979999542236328,30.510000228881836,30.260000228881836,2364600,30.260000228881836
2018-05-30,30.40999984741211,29.540000915527344,30.399999618530273,29.93000030517578,3227800,29.93000030517578
2018-05-31,30.0,28.799999237060547,29.979999542236328,29.549999237060547,4674600,29.549999237060547
2018-06-01,29.809999465942383,28.81999969482422,29.75,29.079999923706055,2958600,29.079999923706055
2018-06-04,29.739999771118164,29.020000457763672,29.200000762939453,29.030000686645508,3291000,29.030000686645508
2018-06-05,30.420000076293945,29.3799991607666,29.989999771118164,29.40999984741211,3121700,29.40999984741211
2018-06-06,31.709999084472656,29.350000381469727,29.360000610351562,31.1200008392334,4404800,31.1200008392334
2018-06-07,32.709999084472656,31.15999984741211,31.18000030517578,32.0,5146400,32.0
2018-06-08,32.59000015258789,31.790000915527344,32.0,32.08000183105469,3000900,32.08000183105469
2018-06-11,32.599998474121094,31.940000534057617,32.09000015258789,32.119998931884766,2993200,32.119998931884766
2018-06-12,32.5,31.90999984741211,32.04999923706055,32.380001068115234,2702000,32.380001068115234
2018-06-13,33.560001373291016,32.540000915527344,33.0,32.86000061035156,4825200,32.86000061035156
2018-06-14,34.34000015258789,33.119998931884766,33.5,34.08000183105469,4716700,34.08000183105469
2018-06-15,34.65999984741211,33.709999084472656,34.0,34.61000061035156,5672900,34.61000061035156
2018-06-18,34.75,33.959999084472656,34.27000045776367,34.45000076293945,3650400,34.45000076293945
2018-06-19,34.599998474121094,33.95000076293945,34.099998474121094,34.0099983215332,2736600,34.0099983215332
2018-06-20,34.900001525878906,33.970001220703125,34.18000030517578,34.810001373291016,2560600,34.810001373291016
2018-06-21,34.5,33.630001068115234,34.04999923706055,33.75,3458900,33.75
2018-06-22,35.06999969482422,33.75,33.93000030517578,34.90999984741211,8436900,34.90999984741211
2018-06-25,34.97999954223633,33.83000183105469,34.709999084472656,34.150001525878906,3804900,34.150001525878906
2018-06-26,34.2400016784668,33.220001220703125,33.869998931884766,34.09000015258789,1990500,34.09000015258789
2018-06-27,34.439998626708984,33.599998474121094,34.02000045776367,33.619998931884766,1919400,33.619998931884766
2018-06-28,33.72999954223633,32.7400016784668,33.560001373291016,33.599998474121094,2656600,33.599998474121094
2018-06-29,34.040000915527344,33.599998474121094,33.7599983215332,33.61000061035156,2194100,33.61000061035156
2018-07-02,33.59000015258789,32.599998474121094,33.5099983215332,33.029998779296875,2955100,33.029998779296875
2018-07-03,33.4900016784668,32.959999084472656,33.31999969482422,33.209999084472656,1165900,33.209999084472656
2018-07-05,33.599998474121094,32.95000076293945,33.2400016784668,33.54999923706055,1772400,33.54999923706055
2018-07-06,35.20000076293945,33.540000915527344,33.70000076293945,34.9900016784668,2909700,34.9900016784668
2018-07-09,35.79999923706055,34.88999938964844,35.119998931884766,35.709999084472656,3271100,35.709999084472656
2018-07-10,35.790000915527344,34.529998779296875,35.709999084472656,34.93000030517578,2157900,34.93000030517578
2018-07-11,34.7400016784668,33.34000015258789,34.52000045776367,33.5099983215332,4321400,33.5099983215332
2018-07-12,33.88999938964844,32.849998474121094,33.45000076293945,33.380001068115234,3412700,33.380001068115234
2018-07-13,33.77000045776367,33.2400016784668,33.380001068115234,33.59000015258789,2120600,33.59000015258789
2018-07-16,33.9900016784668,32.65999984741211,33.54999923706055,32.7599983215332,2989400,32.7599983215332
2018-07-17,32.2599983215332,31.43000030517578,32.22999954223633,31.780000686645508,4489700,31.780000686645508
2018-07-18,31.850000381469727,31.149999618530273,31.719999313354492,31.200000762939453,2756900,31.200000762939453
2018-07-19,31.780000686645508,30.729999542236328,31.3799991607666,31.200000762939453,2980800,31.200000762939453
2018-07-20,31.149999618530273,30.3799991607666,31.1200008392334,30.90999984741211,7267200,30.90999984741211
2018-07-23,31.25,30.520000457763672,31.0,30.559999465942383,2744400,30.559999465942383
2018-07-24,30.850000381469727,30.149999618530273,30.649999618530273,30.299999237060547,2846200,30.299999237060547
2018-07-25,30.479999542236328,29.200000762939453,30.309999465942383,29.770000457763672,2913700,29.770000457763672
2018-07-26,30.670000076293945,29.770000457763672,29.979999542236328,30.299999237060547,2541100,30.299999237060547
2018-07-27,30.84000015258789,29.950000762939453,30.329999923706055,30.149999618530273,2674900,30.149999618530273
2018-07-30,31.06999969482422,30.260000228881836,30.350000381469727,30.6299991607666,2316800,30.6299991607666
2018-07-31,31.6299991607666,30.65999984741211,30.719999313354492,31.559999465942383,2986700,31.559999465942383
2018-08-01,31.40999984741211,30.290000915527344,31.360000610351562,30.489999771118164,3099300,30.489999771118164
2018-08-02,30.530000686645508,29.799999237060547,30.530000686645508,29.860000610351562,3712700,29.860000610351562
2018-08-03,34.310001373291016,30.989999771118164,31.299999237060547,34.20000076293945,8961200,34.20000076293945
2018-08-06,36.900001525878906,34.279998779296875,34.279998779296875,36.20000076293945,7596400,36.20000076293945
2018-08-07,36.849998474121094,35.70000076293945,36.220001220703125,36.709999084472656,5435500,36.709999084472656
2018-08-08,36.83000183105469,35.20000076293945,36.4900016784668,35.849998474121094,4095400,35.849998474121094
2018-08-09,36.84000015258789,35.93000030517578,35.97999954223633,36.59000015258789,2991700,36.59000015258789
2018-08-10,36.400001525878906,34.880001068115234,36.29999923706055,35.16999816894531,3093700,35.16999816894531
2018-08-13,35.209999084472656,33.880001068115234,34.29999923706055,34.9900016784668,2698000,34.9900016784668
2018-08-14,35.79999923706055,35.029998779296875,35.060001373291016,35.63999938964844,2583900,35.63999938964844
2018-08-15,35.59000015258789,34.720001220703125,35.349998474121094,35.16999816894531,2771600,35.16999816894531
2018-08-16,35.650001525878906,35.130001068115234,35.29999923706055,35.27000045776367,2190700,35.27000045776367
2018-08-17,35.38999938964844,34.52000045776367,35.31999969482422,35.130001068115234,2874100,35.130001068115234
2018-08-20,35.34000015258789,34.4900016784668,35.2599983215332,35.040000915527344,3099500,35.040000915527344
2018-08-21,35.939998626708984,34.959999084472656,34.959999084472656,35.560001373291016,2336500,35.560001373291016
2018-08-22,35.630001068115234,34.68000030517578,35.630001068115234,35.130001068115234,1993700,35.130001068115234
2018-08-23,35.400001525878906,34.7400016784668,35.13999938964844,35.040000915527344,2162600,35.040000915527344
2018-08-24,35.709999084472656,35.150001525878906,35.189998626708984,35.45000076293945,1967200,35.45000076293945
2018-08-27,36.0,35.459999084472656,35.470001220703125,35.75,1503900,35.75
2018-08-28,36.77000045776367,35.84000015258789,35.91999816894531,36.33000183105469,2780300,36.33000183105469
2018-08-29,36.459999084472656,35.209999084472656,36.33000183105469,36.130001068115234,2886400,36.130001068115234
2018-08-30,35.970001220703125,35.220001220703125,35.970001220703125,35.45000076293945,1581000,35.45000076293945
2018-08-31,35.58000183105469,34.9900016784668,35.52000045776367,35.349998474121094,2267900,35.349998474121094
2018-09-04,35.310001373291016,34.5,35.22999954223633,35.04999923706055,2537400,35.04999923706055
2018-09-05,35.349998474121094,34.38999938964844,34.91999816894531,34.54999923706055,3482500,34.54999923706055
2018-09-06,35.209999084472656,34.09000015258789,34.52000045776367,34.52000045776367,4874500,34.52000045776367
2018-09-07,35.720001220703125,34.400001525878906,34.540000915527344,35.290000915527344,2101700,35.290000915527344
2018-09-10,35.720001220703125,34.709999084472656,35.43000030517578,34.869998931884766,2016900,34.869998931884766
2018-09-11,35.08000183105469,34.029998779296875,34.650001525878906,34.939998626708984,3198300,34.939998626708984
2018-09-12,35.38999938964844,34.45000076293945,34.849998474121094,35.29999923706055,1532600,35.29999923706055
2018-09-13,36.58000183105469,35.459999084472656,35.58000183105469,36.5099983215332,2517400,36.5099983215332
2018-09-14,36.790000915527344,36.119998931884766,36.619998931884766,36.380001068115234,3218400,36.380001068115234
2018-09-17,37.13999938964844,36.16999816894531,36.5,36.560001373291016,3060500,36.560001373291016
2018-09-18,37.22999954223633,36.470001220703125,36.47999954223633,37.08000183105469,2637300,37.08000183105469
2018-09-19,37.470001220703125,36.689998626708984,37.130001068115234,36.77000045776367,1850800,36.77000045776367
2018-09-20,37.130001068115234,36.099998474121094,37.060001373291016,36.619998931884766,2314900,36.619998931884766
2018-09-21,36.91999816894531,36.27000045776367,36.70000076293945,36.5099983215332,4193200,36.5099983215332
2018-09-24,36.619998931884766,35.02000045776367,36.540000915527344,35.41999816894531,3557100,35.41999816894531
2018-09-25,35.900001525878906,34.970001220703125,35.43000030517578,35.56999969482422,3586500,35.56999969482422
2018-09-26,36.189998626708984,35.47999954223633,35.65999984741211,35.59000015258789,1542200,35.59000015258789
2018-09-27,35.9900016784668,35.099998474121094,35.619998931884766,35.47999954223633,1627300,35.47999954223633
2018-09-28,36.040000915527344,35.060001373291016,35.439998626708984,35.7599983215332,2317700,35.7599983215332
2018-10-01,36.06999969482422,35.189998626708984,35.84000015258789,35.41999816894531,2335900,35.41999816894531
2018-10-02,36.38999938964844,35.189998626708984,35.380001068115234,36.209999084472656,3781500,36.209999084472656
2018-10-03,36.56999969482422,35.95000076293945,36.45000076293945,36.150001525878906,2104000,36.150001525878906
2018-10-04,36.4900016784668,35.900001525878906,36.02000045776367,36.22999954223633,2168900,36.22999954223633
2018-10-05,36.380001068115234,34.2400016784668,36.380001068115234,34.29999923706055,3583300,34.29999923706055
2018-10-08,34.560001373291016,33.7599983215332,34.08000183105469,34.4900016784668,3590900,34.4900016784668
2018-10-09,34.77000045776367,33.849998474121094,34.459999084472656,34.16999816894531,2013900,34.16999816894531
2018-10-10,34.599998474121094,33.029998779296875,34.31999969482422,33.04999923706055,3170600,33.04999923706055
2018-10-11,33.130001068115234,31.84000015258789,33.060001373291016,31.8700008392334,3616600,31.8700008392334
2018-10-12,33.029998779296875,31.920000076293945,32.43000030517578,32.91999816894531,3546600,32.91999816894531
2018-10-15,34.060001373291016,32.90999984741211,32.9900016784668,33.68000030517578,3250100,33.68000030517578
2018-10-16,34.380001068115234,33.75,34.02000045776367,34.150001525878906,2595200,34.150001525878906
2018-10-17,35.029998779296875,33.900001525878906,33.959999084472656,34.439998626708984,2256400,34.439998626708984
2018-10-18,34.779998779296875,33.959999084472656,34.41999816894531,34.400001525878906,2586900,34.400001525878906
2018-10-19,35.400001525878906,34.310001373291016,34.400001525878906,34.90999984741211,3132200,34.90999984741211
2018-10-22,35.40999984741211,34.63999938964844,34.959999084472656,34.65999984741211,2575800,34.65999984741211
2018-10-23,33.54999923706055,31.049999237060547,33.029998779296875,31.770000457763672,5808300,31.770000457763672
2018-10-24,32.709999084472656,29.920000076293945,32.029998779296875,30.06999969482422,4684500,30.06999969482422
2018-10-25,31.110000610351562,30.149999618530273,30.520000457763672,30.25,3386800,30.25
2018-10-26,29.940000534057617,28.1299991607666,29.530000686645508,28.260000228881836,6539000,28.260000228881836
2018-10-29,29.270000457763672,27.540000915527344,29.010000228881836,28.030000686645508,5007400,28.030000686645508
2018-10-30,29.670000076293945,27.889999389648438,28.010000228881836,29.450000762939453,3665000,29.450000762939453
2018-10-31,30.850000381469727,29.540000915527344,29.690000534057617,30.739999771118164,4927200,30.739999771118164
2018-11-01,31.899999618530273,30.450000762939453,30.770000457763672,31.68000030517578,2921300,31.68000030517578
2018-11-02,32.0099983215332,30.469999313354492,31.780000686645508,30.93000030517578,2447800,30.93000030517578
2018-11-05,31.399999618530273,30.549999237060547,31.09000015258789,30.969999313354492,2859900,30.969999313354492
2018-11-06,31.75,30.860000610351562,30.860000610351562,31.489999771118164,3344200,31.489999771118164
2018-11-07,33.9900016784668,30.290000915527344,31.0,32.119998931884766,5525400,32.119998931884766
2018-11-08,32.439998626708984,31.100000381469727,31.8799991607666,32.15999984741211,2392800,32.15999984741211
2018-11-09,32.439998626708984,31.059999465942383,32.209999084472656,31.729999542236328,1994400,31.729999542236328
2018-11-12,32.220001220703125,31.559999465942383,31.770000457763672,31.649999618530273,1792500,31.649999618530273
2018-11-13,32.63999938964844,31.760000228881836,31.799999237060547,31.950000762939453,3317500,31.950000762939453
2018-11-14,32.65999984741211,31.639999389648438,32.33000183105469,32.099998474121094,4288500,32.099998474121094
2018-11-15,33.220001220703125,31.65999984741211,31.989999771118164,33.119998931884766,3532200,33.119998931884766
2018-11-16,33.43000030517578,32.54999923706055,32.81999969482422,32.849998474121094,2886800,32.849998474121094
2018-11-19,33.08000183105469,31.3700008392334,32.93000030517578,31.5,3269000,31.5
2018-11-20,31.309999465942383,29.93000030517578,31.100000381469727,30.030000686645508,3134400,30.030000686645508
2018-11-21,31.489999771118164,30.290000915527344,30.290000915527344,31.270000457763672,2029500,31.270000457763672
2018-11-23,31.239999771118164,30.559999465942383,31.040000915527344,30.670000076293945,717700,30.670000076293945
2018-11-26,32.150001525878906,31.079999923706055,31.139999389648438,32.11000061035156,2608100,32.11000061035156
2018-11-27,32.90999984741211,31.8700008392334,31.969999313354492,32.36000061035156,2183200,32.36000061035156
2018-11-28,33.869998931884766,32.380001068115234,32.459999084472656,33.560001373291016,2717500,33.560001373291016
2018-11-29,33.709999084472656,32.869998931884766,33.349998474121094,32.959999084472656,2238600,32.959999084472656
2018-11-30,33.279998779296875,32.58000183105469,33.08000183105469,32.7599983215332,2591000,32.7599983215332
2018-12-03,33.77000045776367,32.900001525878906,33.20000076293945,33.38999938964844,3003700,33.38999938964844
2018-12-04,33.810001373291016,31.829999923706055,33.380001068115234,31.93000030517578,2949800,31.93000030517578
2018-12-06,32.02000045776367,30.969999313354492,31.549999237060547,32.0,3078700,32.0
2018-12-07,32.4900016784668,31.389999389648438,31.940000534057617,31.93000030517578,2091600,31.93000030517578
2018-12-10,32.209999084472656,30.989999771118164,31.940000534057617,31.979999542236328,3570700,31.979999542236328
2018-12-11,32.779998779296875,31.260000228881836,32.439998626708984,31.6200008392334,2101000,31.6200008392334
2018-12-12,32.7599983215332,31.8700008392334,32.119998931884766,32.20000076293945,2337900,32.20000076293945
2018-12-13,32.93000030517578,30.610000610351562,32.45000076293945,30.799999237060547,2785300,30.799999237060547
2018-12-14,30.989999771118164,30.209999084472656,30.510000228881836,30.649999618530273,3838600,30.649999618530273
2018-12-17,31.0,29.670000076293945,30.809999465942383,29.940000534057617,3281100,29.940000534057617
2018-12-18,30.280000686645508,28.760000228881836,30.06999969482422,29.049999237060547,4137500,29.049999237060547
2018-12-19,29.690000534057617,27.6299991607666,29.139999389648438,27.959999084472656,5057200,27.959999084472656
2018-12-20,27.969999313354492,26.209999084472656,27.950000762939453,26.479999542236328,5936400,26.479999542236328
2018-12-21,27.0,24.979999542236328,26.549999237060547,25.020000457763672,6304300,25.020000457763672
2018-12-24,25.15999984741211,23.979999542236328,25.0,23.979999542236328,2673300,23.979999542236328
2018-12-26,24.899999618530273,23.489999771118164,24.209999084472656,24.889999389648438,3494000,24.889999389648438
2018-12-27,24.649999618530273,23.219999313354492,24.469999313354492,24.3799991607666,4744000,24.3799991607666
2018-12-28,25.350000381469727,24.450000762939453,24.520000457763672,24.959999084472656,3825300,24.959999084472656
2018-12-31,25.350000381469727,23.889999389648438,25.350000381469727,24.969999313354492,3636000,24.969999313354492
2019-01-02,25.940000534057617,24.25,24.350000381469727,25.8799991607666,3003400,25.8799991607666
2019-01-03,26.84000015258789,25.440000534057617,25.860000610351562,26.420000076293945,5570200,26.420000076293945
2019-01-04,28.389999389648438,26.65999984741211,26.68000030517578,28.280000686645508,4906600,28.280000686645508
2019-01-07,28.829999923706055,27.729999542236328,28.479999542236328,28.600000381469727,3447100,28.600000381469727
2019-01-08,28.940000534057617,27.989999771118164,28.760000228881836,28.68000030517578,3750100,28.68000030517578
2019-01-09,28.950000762939453,28.139999389648438,28.780000686645508,28.260000228881836,2393700,28.260000228881836
2019-01-10,28.829999923706055,27.860000610351562,28.079999923706055,28.639999389648438,3905600,28.639999389648438
2019-01-11,28.420000076293945,27.889999389648438,28.399999618530273,28.149999618530273,2272600,28.149999618530273
2019-01-14,28.200000762939453,27.559999465942383,28.020000457763672,27.610000610351562,4316700,27.610000610351562
2019-01-15,28.309999465942383,27.530000686645508,27.65999984741211,28.25,3558600,28.25
2019-01-16,28.59000015258789,28.079999923706055,28.239999771118164,28.549999237060547,2490000,28.549999237060547
2019-01-17,29.540000915527344,28.389999389648438,28.459999084472656,29.34000015258789,5658600,29.34000015258789
2019-01-18,29.950000762939453,29.190000534057617,29.520000457763672,29.799999237060547,2918100,29.799999237060547
2019-01-22,29.670000076293945,29.030000686645508,29.59000015258789,29.510000228881836,5014400,29.510000228881836
2019-01-23,30.190000534057617,28.389999389648438,29.799999237060547,29.110000610351562,6498500,29.110000610351562
2019-01-24,30.170000076293945,28.959999084472656,29.139999389648438,30.1200008392334,2194000,30.1200008392334
2019-01-25,30.270000457763672,29.719999313354492,29.829999923706055,30.079999923706055,2753500,30.079999923706055
2019-01-28,30.43000030517578,29.479999542236328,29.600000381469727,30.299999237060547,2755800,30.299999237060547
2019-01-29,30.3799991607666,29.670000076293945,30.329999923706055,29.75,2061700,29.75
2019-01-30,29.829999923706055,29.020000457763672,29.649999618530273,29.700000762939453,2910300,29.700000762939453
2019-01-31,30.790000915527344,29.979999542236328,29.979999542236328,30.670000076293945,2980800,30.670000076293945
2019-02-01,30.770000457763672,30.170000076293945,30.639999389648438,30.440000534057617,2507800,30.440000534057617
2019-02-04,30.6299991607666,30.079999923706055,30.479999542236328,30.190000534057617,2385400,30.190000534057617
2019-02-05,31.260000228881836,30.149999618530273,30.209999084472656,31.229999542236328,2986000,31.229999542236328
2019-02-06,31.510000228881836,31.020000457763672,31.280000686645508,31.350000381469727,2949400,31.350000381469727
2019-02-07,31.469999313354492,30.520000457763672,31.170000076293945,31.06999969482422,2915300,31.06999969482422
2019-02-08,31.579999923706055,30.579999923706055,30.8700008392334,31.540000915527344,2744300,31.540000915527344
2019-02-11,31.700000762939453,31.1299991607666,31.670000076293945,31.149999618530273,2133300,31.149999618530273
2019-02-12,31.540000915527344,31.1200008392334,31.209999084472656,31.260000228881836,3395600,31.260000228881836
2019-02-13,30.260000228881836,28.239999771118164,29.290000915527344,28.860000610351562,13385800,28.860000610351562
2019-02-14,30.020000457763672,28.510000228881836,28.56999969482422,29.700000762939453,5462400,29.700000762939453
2019-02-15,30.959999084472656,29.559999465942383,29.90999984741211,30.899999618530273,3204600,30.899999618530273
2019-02-19,31.1200008392334,30.540000915527344,30.670000076293945,30.739999771118164,2529700,30.739999771118164
2019-02-20,31.3799991607666,30.440000534057617,30.610000610351562,31.260000228881836,3707400,31.260000228881836
2019-02-21,31.34000015258789,30.719999313354492,31.260000228881836,31.309999465942383,2398500,31.309999465942383
2019-02-22,32.880001068115234,31.479999542236328,31.5,32.81999969482422,3712100,32.81999969482422
2019-02-25,33.25,31.940000534057617,33.04999923706055,31.950000762939453,2379400,31.950000762939453
2019-02-26,32.150001525878906,31.530000686645508,31.850000381469727,31.920000076293945,2180400,31.920000076293945
2019-02-27,32.20000076293945,31.520000457763672,31.739999771118164,31.959999084472656,1834500,31.959999084472656
2019-02-28,32.52000045776367,31.8700008392334,31.940000534057617,32.5099983215332,2025400,32.5099983215332
2019-03-01,32.869998931884766,32.16999816894531,32.68000030517578,32.22999954223633,1984800,32.22999954223633
2019-03-04,33.72999954223633,32.58000183105469,32.58000183105469,33.470001220703125,4346900,33.470001220703125
2019-03-05,33.4900016784668,31.030000686645508,33.4900016784668,31.139999389648438,4323700,31.139999389648438
2019-03-06,32.06999969482422,30.780000686645508,31.170000076293945,31.940000534057617,3500800,31.940000534057617
2019-03-07,32.560001373291016,31.540000915527344,31.90999984741211,32.16999816894531,3370400,32.16999816894531
2019-03-08,31.90999984741211,31.559999465942383,31.760000228881836,31.75,1683100,31.75
2019-03-11,32.650001525878906,31.780000686645508,31.8700008392334,32.2400016784668,2160000,32.2400016784668
2019-03-12,32.40999984741211,31.799999237060547,32.36000061035156,32.15999984741211,2080500,32.15999984741211
2019-03-13,32.54999923706055,32.029998779296875,32.279998779296875,32.349998474121094,2690300,32.349998474121094
2019-03-14,32.58000183105469,32.099998474121094,32.349998474121094,32.56999969482422,1643100,32.56999969482422
2019-03-15,32.900001525878906,32.13999938964844,32.56999969482422,32.56999969482422,2882700,32.56999969482422
2019-03-18,32.88999938964844,32.27000045776367,32.65999984741211,32.40999984741211,1686400,32.40999984741211
2019-03-19,32.720001220703125,31.850000381469727,32.470001220703125,32.060001373291016,1575600,32.060001373291016
2019-03-20,32.2400016784668,31.1200008392334,32.06999969482422,31.540000915527344,2031400,31.540000915527344
2019-03-21,32.25,31.40999984741211,31.549999237060547,32.22999954223633,1706700,32.22999954223633
2019-03-22,32.209999084472656,31.049999237060547,32.130001068115234,31.270000457763672,1568300,31.270000457763672
2019-03-25,31.450000762939453,30.450000762939453,31.309999465942383,30.6299991607666,1674700,30.6299991607666
2019-03-26,31.610000610351562,30.579999923706055,30.709999084472656,31.540000915527344,1475900,31.540000915527344
2019-03-27,31.850000381469727,30.950000762939453,31.59000015258789,31.329999923706055,2053800,31.329999923706055
2019-03-28,31.639999389648438,30.989999771118164,31.389999389648438,31.229999542236328,1260700,31.229999542236328
2019-03-29,31.75,31.049999237060547,31.34000015258789,31.690000534057617,2050600,31.690000534057617
2019-04-01,33.189998626708984,32.029998779296875,32.04999923706055,33.13999938964844,2319200,33.13999938964844
2019-04-02,33.38999938964844,32.70000076293945,33.13999938964844,33.220001220703125,1878200,33.220001220703125
2019-04-03,33.7400016784668,32.779998779296875,33.34000015258789,32.93000030517578,2293400,32.93000030517578
2019-04-04,33.86000061035156,32.900001525878906,33.02000045776367,33.810001373291016,1340300,33.810001373291016
2019-04-05,34.83000183105469,33.63999938964844,33.83000183105469,34.70000076293945,2193000,34.70000076293945
2019-04-08,34.650001525878906,33.91999816894531,34.5,33.9900016784668,1727900,33.9900016784668
2019-04-09,34.08000183105469,33.439998626708984,33.7400016784668,33.72999954223633,1834000,33.72999954223633
2019-04-10,34.68000030517578,33.40999984741211,33.689998626708984,34.61000061035156,1602000,34.61000061035156
2019-04-11,34.869998931884766,34.36000061035156,34.709999084472656,34.720001220703125,1354900,34.720001220703125
2019-04-12,35.5099983215332,34.09000015258789,35.040000915527344,34.29999923706055,2519700,34.29999923706055
2019-04-15,34.630001068115234,33.959999084472656,34.310001373291016,34.22999954223633,1405800,34.22999954223633
2019-04-16,34.4900016784668,33.97999954223633,34.29999923706055,34.119998931884766,1533700,34.119998931884766
2019-04-17,35.43000030517578,34.29999923706055,34.529998779296875,34.689998626708984,3151500,34.689998626708984
2019-04-18,35.06999969482422,34.08000183105469,34.63999938964844,34.88999938964844,2015100,34.88999938964844
2019-04-22,34.77000045776367,33.56999969482422,34.7400016784668,33.75,2532400,33.75
2019-04-23,34.119998931884766,33.47999954223633,33.779998779296875,33.65999984741211,2149700,33.65999984741211
2019-04-24,34.459999084472656,33.36000061035156,33.61000061035156,34.150001525878906,2100300,34.150001525878906
2019-04-25,34.38999938964844,33.7400016784668,34.189998626708984,33.86000061035156,1228000,33.86000061035156
2019-04-26,34.93000030517578,33.849998474121094,33.880001068115234,34.790000915527344,1451100,34.790000915527344
2019-04-29,35.56999969482422,34.779998779296875,34.84000015258789,35.43000030517578,2272500,35.43000030517578
2019-04-30,35.459999084472656,34.61000061035156,35.31999969482422,35.119998931884766,2258700,35.119998931884766
2019-05-01,35.47999954223633,34.63999938964844,35.11000061035156,34.66999816894531,2020900,34.66999816894531
2019-05-02,34.790000915527344,33.099998474121094,34.790000915527344,33.599998474121094,4002400,33.599998474121094
2019-05-03,35.689998626708984,33.25,33.63999938964844,35.08000183105469,4159300,35.08000183105469
2019-05-06,35.209999084472656,34.40999984741211,35.16999816894531,34.709999084472656,2385800,34.709999084472656
2019-05-07,34.630001068115234,33.900001525878906,34.27000045776367,34.59000015258789,2575800,34.59000015258789
2019-05-08,35.84000015258789,34.540000915527344,34.619998931884766,34.93000030517578,2846100,34.93000030517578
2019-05-09,34.91999816894531,34.09000015258789,34.63999938964844,34.77000045776367,1594700,34.77000045776367
2019-05-10,35.58000183105469,34.400001525878906,34.630001068115234,35.459999084472656,2282500,35.459999084472656
2019-05-13,35.02000045776367,33.68000030517578,34.66999816894531,34.040000915527344,2152900,34.040000915527344
2019-05-14,34.84000015258789,34.029998779296875,34.18000030517578,34.369998931884766,1691600,34.369998931884766
2019-05-15,34.939998626708984,33.849998474121094,34.16999816894531,34.88999938964844,1828300,34.88999938964844
2019-05-16,35.59000015258789,34.630001068115234,34.79999923706055,35.06999969482422,1532600,35.06999969482422
2019-05-17,35.650001525878906,34.66999816894531,34.70000076293945,35.33000183105469,1429200,35.33000183105469
2019-05-20,35.29999923706055,31.010000228881836,35.09000015258789,33.2400016784668,8866300,33.2400016784668
2019-05-21,35.099998474121094,33.34000015258789,33.41999816894531,35.0,3577100,35.0
2019-05-22,35.31999969482422,34.310001373291016,34.81999969482422,34.869998931884766,1852600,34.869998931884766
2019-05-23,35.130001068115234,34.099998474121094,34.380001068115234,34.2599983215332,2398900,34.2599983215332
2019-05-24,34.849998474121094,34.189998626708984,34.58000183105469,34.220001220703125,1321300,34.220001220703125
2019-05-28,35.619998931884766,34.560001373291016,34.72999954223633,35.18000030517578,2316300,35.18000030517578
2019-05-29,35.47999954223633,34.560001373291016,34.869998931884766,34.869998931884766,1993500,34.869998931884766
2019-05-30,36.220001220703125,34.029998779296875,34.91999816894531,34.7599983215332,3947300,34.7599983215332
2019-05-31,36.16999816894531,34.86000061035156,34.880001068115234,36.11000061035156,4089400,36.11000061035156
2019-06-03,36.779998779296875,35.33000183105469,36.060001373291016,35.529998779296875,3509100,35.529998779296875
2019-06-04,36.43000030517578,35.59000015258789,35.83000183105469,36.25,3142800,36.25
2019-06-05,36.59000015258789,35.560001373291016,36.36000061035156,35.91999816894531,2743500,35.91999816894531
2019-06-06,36.470001220703125,35.81999969482422,36.22999954223633,36.18000030517578,1767300,36.18000030517578
2019-06-07,38.470001220703125,35.970001220703125,36.220001220703125,37.099998474121094,4272800,37.099998474121094
2019-06-10,38.29999923706055,36.93000030517578,37.310001373291016,37.349998474121094,2816100,37.349998474121094
2019-06-11,37.900001525878906,37.02000045776367,37.5099983215332,37.2400016784668,1821400,37.2400016784668
2019-06-12,37.97999954223633,37.04999923706055,37.15999984741211,37.529998779296875,1554800,37.529998779296875
2019-06-13,38.099998474121094,37.29999923706055,37.810001373291016,37.88999938964844,1878300,37.88999938964844
2019-06-14,38.130001068115234,37.2400016784668,37.81999969482422,37.540000915527344,2351100,37.540000915527344
2019-06-17,39.45000076293945,36.83000183105469,37.779998779296875,38.9900016784668,5006600,38.9900016784668
2019-06-18,41.38999938964844,38.15999984741211,39.59000015258789,39.099998474121094,6266400,39.099998474121094
2019-06-19,39.349998474121094,38.650001525878906,39.15999984741211,38.90999984741211,4980000,38.90999984741211
2019-06-20,40.25,38.959999084472656,39.720001220703125,39.09000015258789,4286300,39.09000015258789
2019-06-21,39.45000076293945,38.459999084472656,39.16999816894531,39.0099983215332,3398100,39.0099983215332
2019-06-24,39.349998474121094,38.36000061035156,39.0,38.59000015258789,1928400,38.59000015258789
2019-06-25,38.4900016784668,37.439998626708984,38.4900016784668,37.779998779296875,2894100,37.779998779296875
2019-06-26,38.2400016784668,37.43000030517578,37.91999816894531,37.5099983215332,1408100,37.5099983215332
2019-06-27,38.38999938964844,37.439998626708984,37.5099983215332,38.16999816894531,1511100,38.16999816894531
2019-06-28,38.470001220703125,37.970001220703125,38.209999084472656,38.40999984741211,2627800,38.40999984741211
2019-07-01,39.27000045776367,38.22999954223633,39.08000183105469,38.86000061035156,1672800,38.86000061035156
2019-07-02,41.18000030517578,38.529998779296875,38.810001373291016,39.16999816894531,3984700,39.16999816894531
2019-07-03,40.66999816894531,39.15999984741211,39.16999816894531,39.599998474121094,1810700,39.599998474121094
2019-07-05,40.13999938964844,39.40999984741211,39.40999984741211,39.970001220703125,1236700,39.970001220703125
2019-07-08,40.540000915527344,39.810001373291016,39.81999969482422,39.84000015258789,2025300,39.84000015258789
2019-07-09,40.84000015258789,39.720001220703125,39.75,40.72999954223633,2312100,40.72999954223633
2019-07-10,41.27000045776367,40.18000030517578,41.0,40.65999984741211,1974100,40.65999984741211
2019-07-11,41.470001220703125,40.029998779296875,40.72999954223633,40.81999969482422,1898100,40.81999969482422
2019-07-12,41.970001220703125,40.7400016784668,40.869998931884766,41.869998931884766,1528500,41.869998931884766
2019-07-15,42.040000915527344,41.45000076293945,41.959999084472656,41.79999923706055,1779800,41.79999923706055
2019-07-16,42.099998474121094,41.119998931884766,41.84000015258789,41.2400016784668,1531100,41.2400016784668
2019-07-17,41.369998931884766,40.52000045776367,41.130001068115234,40.849998474121094,1117300,40.849998474121094
2019-07-18,40.939998626708984,40.310001373291016,40.58000183105469,40.83000183105469,1768700,40.83000183105469
2019-07-19,41.099998474121094,40.34000015258789,40.959999084472656,40.88999938964844,2512900,40.88999938964844
2019-07-22,42.11000061035156,40.72999954223633,41.0,41.849998474121094,3400300,41.849998474121094
2019-07-23,43.619998931884766,41.4900016784668,42.02000045776367,43.2599983215332,4420100,43.2599983215332
2019-07-24,44.65999984741211,41.38999938964844,44.650001525878906,41.560001373291016,7531900,41.560001373291016
2019-07-25,40.880001068115234,38.970001220703125,40.5099983215332,39.16999816894531,4948100,39.16999816894531
2019-07-26,40.540000915527344,38.970001220703125,39.29999923706055,39.5099983215332,4890500,39.5099983215332
2019-07-29,38.91999816894531,37.41999816894531,38.720001220703125,38.279998779296875,5299500,38.279998779296875
2019-07-30,38.40999984741211,34.880001068115234,37.529998779296875,34.95000076293945,8483500,34.95000076293945
2019-07-31,35.0,33.45000076293945,34.880001068115234,33.86000061035156,5526100,33.86000061035156
2019-08-01,34.369998931884766,32.619998931884766,34.0,32.95000076293945,4973800,32.95000076293945
2019-08-02,32.900001525878906,31.93000030517578,32.56999969482422,32.18000030517578,3250900,32.18000030517578
2019-08-05,32.040000915527344,31.209999084472656,31.700000762939453,31.719999313354492,3123700,31.719999313354492
2019-08-06,32.13999938964844,30.799999237060547,31.889999389648438,31.739999771118164,3582700,31.739999771118164
2019-08-07,31.56999969482422,30.579999923706055,31.170000076293945,31.510000228881836,4002300,31.510000228881836
2019-08-08,33.41999816894531,32.09000015258789,32.75,32.86000061035156,3620000,32.86000061035156
2019-08-09,32.810001373291016,32.02000045776367,32.619998931884766,32.38999938964844,1695100,32.38999938964844
2019-08-12,32.279998779296875,31.559999465942383,32.040000915527344,32.11000061035156,1591200,32.11000061035156
2019-08-13,32.720001220703125,32.0,32.15999984741211,32.2599983215332,2169600,32.2599983215332
2019-08-14,31.90999984741211,31.239999771118164,31.8799991607666,31.709999084472656,2215000,31.709999084472656
2019-08-15,32.09000015258789,31.450000762939453,31.780000686645508,31.8700008392334,1794400,31.8700008392334
2019-08-16,32.279998779296875,31.770000457763672,32.130001068115234,31.959999084472656,1536500,31.959999084472656
2019-08-19,32.95000076293945,32.150001525878906,32.470001220703125,32.59000015258789,2172900,32.59000015258789
2019-08-20,32.77000045776367,31.979999542236328,32.5,32.13999938964844,2221900,32.13999938964844
2019-08-21,32.88999938964844,31.84000015258789,32.400001525878906,31.8700008392334,1449000,31.8700008392334
2019-08-22,32.20000076293945,31.690000534057617,31.90999984741211,31.719999313354492,1649300,31.719999313354492
2019-08-23,31.68000030517578,30.829999923706055,31.43000030517578,31.040000915527344,2843100,31.040000915527344
2019-08-26,32.72999954223633,31.829999923706055,32.439998626708984,32.2599983215332,2353600,32.2599983215332
2019-08-27,32.959999084472656,32.20000076293945,32.459999084472656,32.369998931884766,2494500,32.369998931884766
2019-08-28,33.5099983215332,32.36000061035156,32.47999954223633,33.439998626708984,2192200,33.439998626708984
2019-08-29,34.38999938964844,33.65999984741211,33.7400016784668,33.72999954223633,2423200,33.72999954223633
2019-08-30,34.150001525878906,33.40999984741211,34.029998779296875,33.560001373291016,1489500,33.560001373291016
2019-09-03,33.33000183105469,32.4900016784668,33.189998626708984,32.849998474121094,1677100,32.849998474121094
2019-09-04,34.279998779296875,32.970001220703125,33.08000183105469,34.16999816894531,2021100,34.16999816894531
2019-09-05,35.36000061035156,34.470001220703125,34.599998474121094,34.849998474121094,2121600,34.849998474121094
2019-09-06,35.88999938964844,34.709999084472656,34.93000030517578,35.70000076293945,2537600,35.70000076293945
2019-09-09,36.349998474121094,35.59000015258789,35.83000183105469,36.29999923706055,2202700,36.29999923706055
2019-09-10,37.279998779296875,36.25,36.25,37.150001525878906,3048900,37.150001525878906
2019-09-11,37.150001525878906,36.40999984741211,36.93000030517578,36.630001068115234,4271100,36.630001068115234
2019-09-12,36.84000015258789,35.81999969482422,36.59000015258789,35.88999938964844,2577600,35.88999938964844
2019-09-13,36.529998779296875,35.189998626708984,35.939998626708984,35.2599983215332,3123100,35.2599983215332
2019-09-16,36.15999984741211,34.900001525878906,34.95000076293945,36.08000183105469,5370000,36.08000183105469
2019-09-17,36.79999923706055,34.7599983215332,36.25,35.29999923706055,4658000,35.29999923706055
2019-09-18,35.77000045776367,35.040000915527344,35.630001068115234,35.56999969482422,1980700,35.56999969482422
2019-09-19,36.220001220703125,35.43000030517578,35.54999923706055,35.439998626708984,2859200,35.439998626708984
2019-09-20,35.61000061035156,34.369998931884766,35.599998474121094,34.540000915527344,4072200,34.540000915527344
2019-09-23,34.83000183105469,34.290000915527344,34.4900016784668,34.470001220703125,1791800,34.470001220703125
2019-09-24,34.849998474121094,34.310001373291016,34.619998931884766,34.630001068115234,2251000,34.630001068115234
2019-09-25,35.16999816894531,34.43000030517578,34.459999084472656,35.02000045776367,1460900,35.02000045776367
2019-09-26,35.0099983215332,33.900001525878906,35.0099983215332,34.0,3153800,34.0
2019-09-27,34.689998626708984,33.72999954223633,34.060001373291016,34.0099983215332,1959000,34.0099983215332
2019-09-30,34.349998474121094,33.810001373291016,34.16999816894531,34.06999969482422,1756100,34.06999969482422
2019-10-01,34.630001068115234,33.59000015258789,34.27000045776367,33.70000076293945,1463500,33.70000076293945
2019-10-02,33.529998779296875,32.81999969482422,33.41999816894531,32.93000030517578,1537700,32.93000030517578
2019-10-03,33.279998779296875,32.38999938964844,32.779998779296875,32.97999954223633,1432700,32.97999954223633
2019-10-04,33.38999938964844,32.68000030517578,33.38999938964844,33.09000015258789,1055000,33.09000015258789
2019-10-07,33.54999923706055,32.83000183105469,32.90999984741211,33.150001525878906,1421100,33.150001525878906
2019-10-08,32.849998474121094,32.060001373291016,32.720001220703125,32.08000183105469,1414000,32.08000183105469
2019-10-09,32.79999923706055,32.099998474121094,32.27000045776367,32.689998626708984,1282600,32.689998626708984
2019-10-10,33.33000183105469,32.47999954223633,32.4900016784668,33.150001525878906,1507600,33.150001525878906
2019-10-11,34.560001373291016,33.400001525878906,33.400001525878906,34.060001373291016,1900600,34.060001373291016
2019-10-14,33.970001220703125,33.25,33.970001220703125,33.63999938964844,923300,33.63999938964844
2019-10-15,34.5,33.66999816894531,33.75,34.380001068115234,967100,34.380001068115234
2019-10-16,34.84000015258789,34.0,34.15999984741211,34.75,1549500,34.75
2019-10-17,34.95000076293945,34.27000045776367,34.83000183105469,34.880001068115234,979000,34.880001068115234
2019-10-18,35.189998626708984,34.72999954223633,34.86000061035156,34.77000045776367,1227000,34.77000045776367
2019-10-21,35.20000076293945,34.400001525878906,34.900001525878906,34.61000061035156,1217200,34.61000061035156
2019-10-22,35.41999816894531,34.54999923706055,34.709999084472656,35.119998931884766,1123100,35.119998931884766
2019-10-23,35.59000015258789,34.540000915527344,35.16999816894531,34.93000030517578,1202700,34.93000030517578
2019-10-24,35.06999969482422,33.689998626708984,34.939998626708984,34.150001525878906,2044400,34.150001525878906
2019-10-25,35.2599983215332,34.150001525878906,34.150001525878906,34.7599983215332,1443800,34.7599983215332
2019-10-28,35.27000045776367,34.650001525878906,34.97999954223633,34.93000030517578,1429900,34.93000030517578
2019-10-29,34.849998474121094,34.29999923706055,34.790000915527344,34.33000183105469,1079300,34.33000183105469
2019-10-30,34.5,33.970001220703125,34.279998779296875,34.369998931884766,1399900,34.369998931884766
2019-10-31,34.5099983215332,33.439998626708984,34.20000076293945,34.380001068115234,1918300,34.380001068115234
2019-11-01,35.119998931884766,34.22999954223633,34.68000030517578,34.86000061035156,1295000,34.86000061035156
2019-11-04,35.189998626708984,34.72999954223633,34.86000061035156,34.959999084472656,1449100,34.959999084472656
2019-11-05,35.47999954223633,34.4900016784668,35.11000061035156,34.63999938964844,1451900,34.63999938964844
2019-11-06,35.0,33.20000076293945,34.68000030517578,33.52000045776367,2464000,33.52000045776367
2019-11-07,36.0,33.66999816894531,35.9900016784668,34.689998626708984,5566700,34.689998626708984
2019-11-08,35.4900016784668,34.0,34.54999923706055,35.31999969482422,2285400,35.31999969482422
2019-11-11,36.31999969482422,34.900001525878906,35.060001373291016,35.970001220703125,2589700,35.970001220703125
2019-11-12,36.540000915527344,35.83000183105469,36.04999923706055,36.0099983215332,2547200,36.0099983215332
2019-11-13,35.95000076293945,35.130001068115234,35.599998474121094,35.66999816894531,1613700,35.66999816894531
2019-11-14,36.040000915527344,35.33000183105469,35.630001068115234,35.65999984741211,1075800,35.65999984741211
2019-11-15,35.95000076293945,35.470001220703125,35.65999984741211,35.95000076293945,1605800,35.95000076293945
2019-11-18,36.84000015258789,35.65999984741211,35.939998626708984,36.790000915527344,2114400,36.790000915527344
2019-11-19,36.97999954223633,35.59000015258789,36.959999084472656,35.83000183105469,1408600,35.83000183105469
2019-11-20,35.900001525878906,35.06999969482422,35.560001373291016,35.47999954223633,1698700,35.47999954223633
2019-11-21,36.810001373291016,35.65999984741211,36.45000076293945,35.90999984741211,3484000,35.90999984741211
2019-11-22,36.58000183105469,35.66999816894531,36.099998474121094,36.29999923706055,3549500,36.29999923706055
2019-11-25,36.38999938964844,35.150001525878906,36.29999923706055,35.47999954223633,2772700,35.47999954223633
2019-11-26,35.66999816894531,34.63999938964844,35.34000015258789,34.86000061035156,2625200,34.86000061035156
2019-11-27,35.08000183105469,34.349998474121094,34.959999084472656,34.7400016784668,2059900,34.7400016784668
2019-11-29,34.650001525878906,33.869998931884766,34.650001525878906,34.16999816894531,1725300,34.16999816894531
2019-12-02,34.779998779296875,33.54999923706055,34.189998626708984,33.65999984741211,2849700,33.65999984741211
2019-12-03,33.540000915527344,33.11000061035156,33.29999923706055,33.380001068115234,2584100,33.380001068115234
2019-12-04,33.66999816894531,33.43000030517578,33.470001220703125,33.470001220703125,2414200,33.470001220703125
2019-12-05,33.650001525878906,33.38999938964844,33.4900016784668,33.599998474121094,2642200,33.599998474121094
2019-12-06,33.720001220703125,33.560001373291016,33.650001525878906,33.59000015258789,3243900,33.59000015258789
2019-12-09,33.970001220703125,33.459999084472656,33.59000015258789,33.5099983215332,2670200,33.5099983215332
2019-12-10,33.779998779296875,33.11000061035156,33.5,33.529998779296875,1638400,33.529998779296875
2019-12-11,34.220001220703125,33.560001373291016,33.65999984741211,33.88999938964844,2631800,33.88999938964844
2019-12-12,34.470001220703125,33.849998474121094,33.91999816894531,34.22999954223633,2545800,34.22999954223633
2019-12-13,34.36000061035156,33.959999084472656,34.20000076293945,34.130001068115234,1366000,34.130001068115234
2019-12-16,34.709999084472656,34.38999938964844,34.5099983215332,34.470001220703125,1569700,34.470001220703125
2019-12-17,34.619998931884766,34.27000045776367,34.529998779296875,34.470001220703125,1585100,34.470001220703125
2019-12-18,36.310001373291016,34.709999084472656,34.77000045776367,35.61000061035156,4240400,35.61000061035156
2019-12-19,35.84000015258789,34.84000015258789,35.470001220703125,35.79999923706055,3317600,35.79999923706055
2019-12-20,36.34000015258789,35.599998474121094,35.939998626708984,36.060001373291016,4031800,36.060001373291016
2019-12-23,36.400001525878906,35.68000030517578,36.04999923706055,35.75,1197400,35.75
2019-12-24,35.959999084472656,35.70000076293945,35.869998931884766,35.81999969482422,412500,35.81999969482422
2019-12-26,36.27000045776367,35.88999938964844,35.88999938964844,36.130001068115234,1195600,36.130001068115234
2019-12-27,36.5,35.900001525878906,36.33000183105469,35.95000076293945,1440900,35.95000076293945
